"V1" "V2" "V3" "V4" "V5" "V6" "V7" "V8" "V9" "V10" "V11" "V12" "V13" "V14" "V15" "V16" "V17" "V18" "V19" "V20" "V21" "V22" "V23" "V24" "V25" "V26" "V27" "V28" "V29" "V30" "V31" "V32" "V33" "V34" "V35" "V36" "V37" "V38" "V39" "V40" "V41" "V42" "V43" "V44" "V45" "V46" "V47" "V48" "V49" "V50" "V51"
"1" 52.75382 76.402085 50.93472 NA 56.392015 NA 52.75382 60.03021 NA NA 69.12569 81.85937 47.29653 57.30156 NA 96.41215 83.67847 76.40208 50.93472 76.40208 74.58299 59.12066 60.03021 55.482465 45.47743 143.70868 58.21111 88.226215 NA 128.24635 69.125695 69.12569 77.31163 NA 58.21111 NA 41.83924 60.03021 70.03524 83.67847 NA 201.01024 67.3066 74.58299 56.39201 74.58299 65.4875 87.31667 67.3066 80.04028 81.85937
"2" 59.86113 66.00074 53.337805 NA 59.86113 NA 42.97722 67.919365 NA NA 67.53564 88.2568 45.663305 56.02388 NA 92.8615 82.88465 79.0474 52.18663 75.21014 74.44269 65.23329 53.72153 51.41918 44.895855 159.62969 56.02388 94.012675 NA 127.013045 69.83799 69.83799 82.500925 NA 58.32623 NA 41.44232 59.09368 73.67524 79.0474 NA 244.81669 68.30309 74.44269 62.16349 62.16349 64.849565 95.16385 69.07054 74.826415 86.7219
"3" 59.39356 62.575355 57.27236 NA 71.41368 NA 49.49463 61.161225 NA NA 69.29248 82.01967 48.787565 59.39356 NA 85.555005 82.72674 81.31261 51.969365 72.12075 75.65608 58.68649 59.74709 55.504695 47.37343 156.26162 55.85823 121.61538 NA 106.76699 66.46422 69.29248 65.757155 NA 55.85823 NA 45.25223 62.22182 72.827815 71.41368 NA 245.351955 67.87835 69.29248 67.87835 67.17129 68.58542 99.69633 72.82781 74.24195 76.36315
"4" 56.27341 67.38 52.57121 NA 69.60132 NA 53.31165 65.89912 NA NA 66.63956 79.96747 41.46461 60.71604 NA 87.37187 85.89099 87.37187 49.60945 74.04395 72.56308 59.23516 58.49472 53.31165 46.64769 148.08791 57.75428 94.03582 NA 104.401975 69.60132 75.52483 75.52483 NA 54.79253 NA 42.94549 60.71604 64.41824 71.0822 NA 231.01714 63.6778 75.52483 62.19692 59.23516 62.19692 97.73802 65.15868 74.04395 78.48659
"5" 54.07343 64.347385 49.74756 NA 70.8362 NA 46.50315 65.428855 NA NA 71.37693 82.19162 45.42168 59.48078 NA 83.27309 82.19162 77.86574 50.288295 75.70281 76.78428 58.39931 59.48078 52.99196 40.555075 158.97589 59.48078 97.872915 NA 102.73952 73.53987 69.21399 63.80665 NA 60.56225 NA 44.34022 60.56225 65.428855 80.02868 NA 281.722585 68.67326 75.70281 72.4584 65.96959 66.510325 115.71715 62.72518 77.32501 75.70281
"6" 56.13391 72.69801 55.90385 NA 66.71653 NA 49.002145 63.26567 NA NA 68.55698 84.66097 48.31197 60.965105 NA 90.4124 86.50143 83.28063 48.31197 75.91881 75.91881 65.7963 54.523505 56.363965 47.161685 143.09545 62.11539 111.11753 NA 118.70941 69.70727 76.83904 70.167385 NA 63.95584 NA 44.17094 62.11539 68.326925 71.31767 NA 218.784205 59.81482 69.93733 65.33619 77.75926 65.336185 102.60542 64.41596 80.750005 88.34189
"7" 53.10237 65.548235 51.99607 NA 71.90946 NA 42.869105 64.441935 NA NA 69.69686 75.78151 44.251975 56.697845 NA 93.205725 88.50395 75.78151 47.847445 82.4193 79.10041 57.804145 63.059065 52.825795 47.57087 120.03348 60.29332 98.18407 NA 121.969505 73.01576 65.27166 79.10041 NA 63.05907 NA 43.14568 60.84647 73.292335 82.4193 NA 185.30515 67.207685 74.67521 73.01576 77.44096 74.951785 105.09844 77.44096 77.99411 84.6319
"8" 57.8966 77.847465 50.855125 NA 78.62985 NA 54.375865 66.89405 NA NA 69.6324 69.6324 47.72558 55.54945 NA 86.453715 94.66877 93.88639 48.50797 83.71536 73.54434 61.417345 49.681545 56.33183 40.6841 107.96934 61.80854 96.23355 NA 122.443495 74.326725 62.59092 68.85002 NA 52.4199 NA 39.90171 59.46138 73.54434 96.23355 NA 163.909985 68.06763 82.15059 73.54434 78.23866 73.544335 115.79321 69.6324 77.847465 88.40968
"9" 60.94546 70.59516 53.32728 NA 71.10304 NA 48.24849 68.05576 NA NA 71.10304 86.3394 48.24849 59.9297 NA 78.72122 82.27637 77.19758 46.216975 74.15031 78.21334 58.913945 55.35879 57.39031 47.74061 153.37941 51.80364 108.17819 NA 112.749105 62.976975 66.02425 74.15031 NA 54.85091 NA 44.69334 61.96122 73.134555 88.37092 NA 215.848505 66.02425 71.10304 68.05576 77.19758 73.64243 110.71759 69.07152 75.67395 87.35516
"10" 56.4486 71.89769 50.209545 NA 71.006395 NA 46.64437 61.796365 NA NA 70.7093 79.02804 46.050175 56.151505 NA 110.22332 89.72357 93.88294 50.50664 89.72357 80.81063 54.07182 54.96311 56.4486 49.61535 118.83916 61.20217 112.00591 NA 120.32465 74.274475 71.89769 83.781605 NA 49.91245 NA 39.81112 59.41958 79.62224 103.98426 NA 181.823915 62.09346 90.91196 82.59322 80.81063 71.897695 107.54944 76.65126 85.2671 87.34678
"11" 51.89114 70.42369 51.06747 NA 63.83434 NA 41.183445 58.48049 NA NA 67.54085 77.42488 48.18463 53.53848 NA 91.015415 83.19056 79.89588 51.06747 86.48523 78.24854 59.715995 56.009485 53.53848 47.7728 146.61306 58.48049 101.311275 NA 125.19767 74.95387 65.89351 63.01067 NA 51.06747 NA 42.00711 58.48049 70.83552 88.95624 NA 242.570485 67.54085 76.60121 68.36452 57.65682 67.54085 104.60595 73.30653 81.131385 83.19056
"12" 62.46265 83.65534 51.30861 NA 78.45012 NA 49.0778 65.80887 NA NA 70.64229 83.28354 48.706 56.88563 NA 91.09137 92.20678 94.43759 50.56501 78.07832 74.3603 59.86004 52.79582 58.00104 45.359785 113.77126 55.77023 94.065785 NA 107.078835 68.41148 72.12949 66.18067 NA 51.30861 NA 43.87258 59.48824 79.937325 99.64281 NA 174.746715 60.23185 79.56552 71.38589 73.6167 72.501295 95.92479 75.10391 80.309125 78.82192
"13" 51.90052 70.96602 46.60455 NA 63.551655 NA 46.60455 59.84448 NA NA 65.67005 70.96602 46.60455 56.1373 NA 90.03152 82.61716 79.43957 49.78213 77.32118 80.49877 50.31173 61.962865 54.01891 47.66374 124.98493 60.37408 113.863385 NA 128.69211 74.6732 66.72924 63.02206 NA 50.84133 NA 40.24938 59.31488 71.495615 90.03152 NA 199.12853 61.43327 78.38038 68.84763 70.96602 66.729245 104.86024 59.31488 76.791585 84.73554
"14" 51.49856 66.266525 46.575895 NA 71.567845 NA 48.090565 69.67452 NA NA 73.46117 88.60781 45.4399 56.79988 NA 89.743805 92.39447 90.12247 52.25589 80.27716 73.46117 65.50919 60.586535 57.178545 46.95456 110.57043 58.31454 110.949095 NA 109.43443 73.46117 74.21851 74.59717 NA 56.79988 NA 40.89591 58.31454 75.73317 86.33581 NA 163.96231 64.37319 77.24783 74.21851 59.8292 68.15985 96.18112 75.73317 76.869165 87.85048
"15" 50.72373 60.75051 45.41543 NA 55.442215 NA 50.723725 60.1607 NA NA 63.69957 71.95692 40.107135 48.36448 NA 94.95954 87.292 81.39389 50.72373 81.39389 84.93275 75.49578 57.80146 55.44221 46.59505 147.4527 60.1607 106.75575 NA 137.42591 65.469 61.34032 80.80408 NA 53.08297 NA 38.92751 56.62184 75.49578 106.16594 NA 238.28356 71.95692 71.95692 56.62184 63.69957 63.69957 126.21951 96.72897 81.9837 87.292
"16" 53.95896 65.261175 49.948495 NA 67.08411 NA 41.198395 64.896585 NA NA 70.72999 85.31349 43.38592 54.323545 NA 86.042665 84.58431 80.93844 48.12556 77.29256 75.83421 67.084115 62.34447 53.22978 48.12556 123.23059 55.41731 100.62617 NA 107.917915 75.834215 67.81329 67.08411 NA 58.33401 NA 40.83381 59.06318 71.459165 83.85514 NA 192.502235 67.81329 75.83421 74.37586 87.50101 75.469625 102.08452 66.35494 74.375865 76.56339
"17" 52.6433 65.68112 51.65931 NA 67.4031 NA 47.23137 65.68112 NA NA 65.43513 84.13088 41.573445 54.11928 NA 88.55882 89.05081 80.68692 46.73938 81.67091 74.29101 62.483165 54.61127 55.59526 43.787415 116.60245 56.08725 102.08864 NA 114.388475 76.012985 67.4031 73.55302 NA 52.1513 NA 42.80343 58.54722 70.60106 93.47875 NA 183.02156 74.045015 79.70294 75.76699 48.21536 72.323035 114.14248 82.1629 76.50498 80.19493
"18" 50.36909 71.30905 48.38828 NA 76.968495 NA 46.407475 67.630405 NA NA 75.83661 71.30905 43.860725 54.3307 NA 78.66633 92.24901 83.19389 51.218005 82.062 76.96849 56.594485 48.105305 56.02854 44.42667 117.71652 57.16043 90.55117 NA 107.246545 69.045265 74.13877 65.366625 NA 54.89665 NA 41.87992 58.85826 69.611215 78.10038 NA 199.21258 68.47932 78.10038 71.87499 48.10531 86.87253 127.33758 70.7431 80.364165 73.57283
"19" 48.31998 63.00546 48.31998 NA 55.89958 NA 40.74037 62.53173 NA NA 60.63683 84.3231 43.58272 53.05723 NA 90.481525 97.5874 85.27055 49.26743 82.42819 79.58584 63.95291 51.16233 55.89958 42.161545 147.80228 55.89958 108.00936 NA 116.53641 69.637615 66.32154 64.900365 NA 57.79448 NA 40.74037 57.79448 71.05879 86.218 NA 231.651655 69.637615 83.37565 70.11134 78.63839 77.217215 125.06347 70.11134 77.217215 83.37565
"20" 50.09065 72.9261 54.142105 NA 60.77175 NA 50.458965 64.08657 NA NA 68.50633 78.08249 41.61944 55.98367 NA 94.6566 88.39527 81.76563 50.458965 70.71622 79.55574 61.50838 53.03716 53.77379 52.66885 141.43243 58.19355 94.656605 NA 120.438555 71.08453 69.24296 67.03308 NA 56.7203 NA 41.98775 58.93018 71.08453 78.81912 NA 217.30504 67.03308 78.81912 70.71622 77.34586 69.97959 100.18131 69.24296 79.924055 78.08249
"21" 53.57165 69.47573 46.456665 NA 68.220145 NA 46.03814 63.197805 NA NA 67.80162 79.52042 41.85285 57.75693 NA 82.031585 86.21687 95.4245 49.38636 73.66102 71.9869 50.22342 53.99018 56.08282 46.456665 152.34438 59.43105 88.309515 NA 115.09534 69.47573 70.31279 59.431045 NA 51.89753 NA 42.68991 60.2681 69.0572 77.8463 NA 241.49095 61.94222 77.00924 70.31279 58.59399 74.49807 96.26156 66.1275 84.12423 66.1275
"22" 51.41087 64.26358 48.197685 NA 68.119395 NA 55.26668 64.906215 NA NA 60.40777 70.68994 41.12869 54.624045 NA 88.68374 89.96902 95.1101 47.55505 79.68684 78.40157 55.909315 54.624045 59.1225 41.12869 151.66205 57.83722 95.1101 NA 117.602355 66.83413 66.83413 75.83103 NA 60.40777 NA 38.55815 57.83722 67.476765 88.68374 NA 232.63417 65.54885 80.97211 65.54885 74.54576 62.97831 105.39227 70.68994 85.470565 71.97521
"23" 53.09005 72.05078 53.43479 NA 68.94812 NA 48.26368 61.708565 NA NA 68.25864 74.46397 42.40309 57.91642 NA 87.56411 85.49567 91.701 51.02161 76.53241 73.77449 54.81375 57.91642 55.84798 44.1268 134.44883 57.91642 113.074915 NA 109.28277 77.56663 68.25864 71.3613 NA 55.15849 NA 42.05835 59.29538 71.70604 84.1167 NA 208.56806 64.12175 77.91137 68.94812 53.09005 62.05331 99.97477 62.05331 76.87715 73.08501
"24" 59.51186 67.950115 51.517735 NA 79.49719 NA 45.300075 71.05894 NA NA 75.50013 78.16484 43.5236 63.06481 NA 86.603085 84.38249 80.82955 51.96185 78.16484 77.2766 63.06481 63.50893 55.07068 49.74126 171.4297 58.62363 107.92077 NA 97.26193 70.614825 79.05307 65.72952 NA 56.84715 NA 45.30008 63.06481 65.72952 71.05894 NA 278.90635 69.28247 71.94718 64.84129 71.05894 80.829545 112.80607 66.61776 79.05307 91.48839
"25" 49.49765 73.690325 46.716885 NA 86.203775 NA 52.556495 66.46033 NA NA 65.6261 77.86148 48.385345 57.005725 NA 80.364165 95.65839 100.10761 49.77573 80.64224 74.52456 62.84533 52.000345 56.17149 50.331885 134.58912 58.95226 111.23068 NA 103.72261 73.690325 66.73841 59.508415 NA 52.27842 NA 41.71151 60.62072 66.46033 71.18764 NA 230.525585 71.74379 76.74917 78.97378 66.73841 87.03801 110.11837 71.18764 82.866855 78.41763
"26" 55.01464 74.24018 48.21175 NA 69.50774 NA 59.4513 68.62041 NA NA 65.66263 76.90218 48.507525 59.4513 NA 86.071285 84.5924 75.12751 50.57797 72.76129 70.39507 58.859745 57.08508 55.60619 48.507525 107.66305 57.97241 94.057285 NA 111.80394 73.05707 74.53596 65.95841 NA 53.23997 NA 44.36664 60.33863 64.47952 87.55017 NA 163.56502 63.29641 69.80352 75.12751 65.07107 71.578185 98.19817 57.97241 76.31062 78.67685
"27" 48.02219 63.51322 52.6695 NA 70.484185 NA 59.640465 75.131495 NA NA 71.25874 69.70963 41.82578 54.2186 NA 92.94618 91.39708 80.55335 55.76771 86.74977 80.55335 55.76771 61.96412 54.2186 41.82578 131.67375 60.41502 106.888105 NA 113.08452 73.58239 71.25874 75.90605 NA 57.31681 NA 41.82578 60.41502 73.58239 88.29887 NA 216.87442 71.25874 75.90605 82.10246 54.2186 83.65156 119.28093 69.70963 75.906045 83.65156
"28" 55.3746 69.21825 53.06732 NA 71.52552 NA 47.299135 66.91097 NA NA 69.21825 66.91097 43.83822 55.3746 NA 80.75462 89.98372 83.0619 53.06732 78.44735 73.8328 59.98915 53.067325 53.06732 48.45277 133.82194 62.29642 99.212815 NA 126.90012 73.8328 66.91097 71.52552 NA 55.3746 NA 41.53095 59.98915 63.45006 78.44735 NA 229.57385 68.06461 76.14007 71.52552 57.68187 72.67916 99.21282 73.8328 71.52552 73.8328
"29" 56.66704 71.008705 52.46948 NA 72.058095 NA 53.86867 70.30911 NA NA 68.56013 78.35443 45.82335 55.26786 NA 82.901785 86.74955 87.44914 49.67111 79.75362 74.15687 54.91806 56.66704 57.36664 43.72457 112.63449 55.26786 100.74141 NA 106.33816 73.10748 73.45728 67.510735 NA 55.26786 NA 42.67518 59.46542 67.16094 83.25158 NA 184.34279 64.36257 71.3585 74.85646 74.85646 76.605445 107.73734 64.36257 76.605445 75.55606
"30" 51.25991 66.693 46.85045 NA 68.62214 NA 50.43314 68.070955 NA NA 66.693 72.20482 44.094545 55.66936 NA 84.60641 88.18909 92.04736 50.15755 74.40955 74.40955 61.456775 49.60636 57.32291 37.480365 130.07891 59.52764 94.25209 NA 124.01591 67.24418 68.89773 72.48041 NA 54.01582 NA 41.88982 60.63 69.17332 81.02373 NA 205.86641 67.24418 77.71664 70.00009 72.756 70.00009 90.39382 65.03946 83.50405 73.85836
"31" 55.30899 66.5311 55.30899 NA 70.13821 NA 40.88056 64.12636 NA NA 72.14216 87.37217 46.09082 54.10662 NA 86.97138 84.16585 80.95953 46.8924 77.75321 74.5469 51.70188 56.51136 55.30899 50.09872 111.41956 58.51531 111.018765 NA 112.221135 68.13426 72.14216 75.34848 NA 58.51531 NA 43.28529 60.92004 69.33663 95.38796 NA 166.32775 68.93584 70.539 69.73742 67.33268 76.150055 103.40376 61.72162 71.74137 87.37217
"32" 58.25562 77.460765 54.734675 NA 67.538105 NA 51.8539 64.65733 NA NA 66.57785 78.10094 44.17184 59.53596 NA 82.262055 87.70351 80.66162 50.253475 77.46076 78.74111 68.178275 61.456475 55.374845 47.052615 124.83346 61.45647 95.705655 NA 114.910805 72.019305 75.54025 72.019305 NA 55.69493 NA 42.8915 61.45647 64.337245 87.06334 NA 191.091225 66.25776 67.21802 72.33939 92.18471 67.21802 104.34797 63.37699 78.421025 82.58214
"33" 53.01859 73.342385 50.367665 NA 85.713395 NA 45.065805 67.15689 NA NA 68.92417 74.22603 42.41487 54.78588 NA 83.06246 90.13161 84.82975 49.48402 83.06246 83.06246 57.43681 64.505955 54.78588 45.94945 132.54648 65.3896 106.037185 NA 117.52455 72.45874 63.62231 68.924175 NA 56.55317 NA 40.64759 60.08774 71.5751 90.13161 NA 231.51453 68.92417 70.69146 79.52789 58.32045 80.411535 116.64091 72.45874 75.109675 93.66618
"34" 52.19153 67.84899 50.01688 NA 66.10927 NA 41.75322 67.84899 NA NA 64.36955 73.06814 41.75322 56.54082 NA 87.42081 84.3763 82.63659 49.14702 78.28729 77.41743 55.236035 53.93125 53.06139 53.93125 153.09515 55.67096 96.989255 NA 122.65009 68.28392 62.62983 74.37293 NA 58.28054 NA 43.49294 58.28054 66.97913 85.24616 NA 245.73511 68.28392 79.15715 62.62983 59.1504 70.89349 110.47207 73.938 81.76673 72.19828
"35" 54.86345 69.86517 52.720345 NA 63.00724 NA 48.86276 69.43655 NA NA 66.00759 81.43793 42.86207 58.29241 NA 75.43724 80.58069 82.29517 50.57724 75.43724 73.72276 57.86379 61.29276 53.14897 50.14862 156.01793 60.0069 115.72759 NA 102.868965 67.72207 63.43586 72.00828 NA 56.57793 NA 42.86207 60.0069 64.2931 74.58 NA 261.45862 66.86483 66.00759 65.15034 63.43586 64.72172 117.44207 61.72138 75.86586 76.29448
"36" 54.4382 71.132585 51.53483 NA 68.229215 NA 49.720225 71.495505 NA NA 64.6 76.93933 41.735955 58.79326 NA 78.39101 84.19775 78.39101 54.07528 72.58427 76.93933 56.61573 54.07528 53.71236 47.542695 148.07191 56.61573 93.270785 NA 114.32022 65.325845 74.7618 65.325845 NA 52.26067 NA 44.2764 60.97079 67.86629 86.37528 NA 229.00337 63.511235 74.7618 66.77753 59.5191 67.50337 106.69888 64.6 78.39101 79.11685
"37" 59.97052 60.64435 53.90609 NA 65.69805 NA 47.16783 62.328915 NA NA 73.44705 76.14235 46.15709 56.60139 NA 79.848395 81.53296 85.57592 50.200045 76.81618 74.7947 60.981265 69.741005 55.590655 39.081915 119.94105 61.992 85.912825 NA 110.844395 66.371875 64.68731 66.708785 NA 55.25374 NA 43.7987 58.62287 74.457785 77.49 NA 180.248485 61.992 79.51148 69.40409 58.62287 67.719525 101.74774 55.25374 82.20679 80.85913
"38" 52.44641 69.45606 51.737675 NA 61.65997 NA 48.194 63.78618 NA NA 65.20365 85.04824 53.155145 58.11629 NA 88.591915 86.46571 80.79582 48.194 77.96088 80.79582 68.03859 58.825025 54.572615 48.194 131.82476 53.86388 101.349145 NA 99.22294 65.912385 75.12594 68.747325 NA 58.11629 NA 41.10665 59.53376 73.70847 73.70847 NA 199.154615 68.03859 75.12594 73.70847 79.37835 68.03859 124.73741 66.62112 75.834675 73.70847
"39" 53.6858 69.70495 49.78925 NA 75.3333 NA 50.2222 67.10725 NA NA 66.6743 71.8697 47.19155 54.5517 NA 95.249 92.6513 87.4559 48.4904 79.6628 72.7356 61.04595 60.613 54.5517 46.7586 131.6168 57.1494 100.4444 NA 124.25665 70.57085 71.8697 68.83905 NA 54.5517 NA 41.5632 58.0153 65.8084 80.5287 NA 208.24895 72.30265 82.2605 71.8697 55.4176 70.1379 103.908 73.6015 74.90035 83.9923
"40" 49.0726 73.6089 73.6089 NA 73.6089 NA 73.6089 73.6089 NA NA 73.6089 73.6089 49.0726 73.6089 NA 73.6089 73.6089 73.6089 49.0726 73.6089 73.6089 49.0726 73.6089 49.0726 49.0726 98.14519 49.0726 85.877045 NA 110.41334 98.14519 73.6089 73.6089 NA 49.0726 NA 49.0726 73.6089 73.6089 73.6089 NA 147.21779 73.6089 73.6089 73.6089 49.0726 73.6089 98.14519 49.0726 73.6089 98.14519
"41" 52.12587 70.06529 55.84914 NA 69.38833 NA 41.633 53.81826 NA NA 67.01897 74.46552 42.98692 52.12587 NA 96.80518 83.94295 82.58903 48.06411 79.8812 76.4964 67.01897 61.264815 53.141305 43.3254 140.13058 60.92634 99.174535 NA 107.97501 66.34201 67.69593 76.4964 NA 54.8337 NA 41.29452 58.89546 71.41921 83.26599 NA 211.2113 62.957215 76.4964 60.92634 63.63417 65.32657 109.66741 71.75769 71.75769 69.72681
"42" 56.95875 70.448975 50.53483 NA 66.808755 NA 46.68048 69.80658 NA NA 68.5218 82.65442 49.03591 59.74244 NA 88.22182 86.50877 82.65442 51.60548 71.09137 74.94572 64.88158 59.52831 56.95875 49.6783 137.0436 59.10005 108.778355 NA 108.99249 69.16419 74.94572 64.453315 NA 62.09788 NA 45.39569 60.8131 67.45115 77.51529 NA 211.56105 64.23919 74.0892 66.80875 69.80658 63.16853 89.07834 75.37398 79.870725 83.9392
"43" 56.33763 65.00495 53.629085 NA 63.921535 NA 48.212005 70.42203 NA NA 66.08837 87.75669 44.42005 56.33763 NA 85.048145 81.25619 73.67228 49.83713 80.17277 73.67228 63.92154 53.087375 56.33763 49.83713 148.42797 55.25421 118.634035 NA 112.13354 59.58787 74.75569 67.71349 NA 56.33763 NA 44.42005 60.67129 78.54765 79.08936 NA 236.18466 69.33862 70.42203 65.00495 81.25619 69.880325 86.67327 71.50545 68.2552 73.67228
"44" 48.72744 64.255965 52.207975 NA 68.00423 NA 44.44371 68.539695 NA NA 69.61063 83.53276 47.65651 56.491705 NA 79.24903 91.02929 85.13916 51.94024 78.17809 72.82343 61.310905 51.67251 54.61757 45.514645 123.69274 56.22397 98.258085 NA 126.6378 74.1621 67.46877 58.901305 NA 51.40477 NA 42.30185 59.43677 73.358895 80.85543 NA 195.712965 64.25597 73.3589 76.57169 84.60369 77.642625 91.56475 73.89436 77.10716 73.3589
"45" 55.51545 76.64447 53.85828 NA 70.844345 NA 45.986685 66.701405 NA NA 67.1157 72.91582 49.301035 55.929745 NA 88.65901 88.65901 86.17324 50.958215 81.20171 78.71594 67.94429 54.686865 54.68687 47.22957 119.3168 54.68687 118.48821 NA 115.17385 70.01576 65.45852 74.987295 NA 57.17263 NA 43.08662 59.6584 75.40159 86.17324 NA 178.14661 66.701405 81.20171 67.1157 61.31558 76.64447 96.11631 79.54453 73.74441 86.17324
"46" 59.22069 70.01976 54.343695 NA 71.76155 NA 46.33148 67.92962 NA NA 68.27798 82.90897 47.028195 62.00755 NA 80.81883 85.69583 87.08926 50.16341 73.15497 75.24512 56.43384 58.52398 57.13055 50.51177 179.75222 61.31084 90.572825 NA 101.72025 84.3024 74.5484 66.187835 NA 57.82727 NA 43.89298 62.70426 70.368115 78.72869 NA 284.25933 62.704265 70.36812 70.36812 73.85169 70.36812 96.84325 61.31084 76.63854 66.18783
"47" 54.95029 71.827875 53.77278 NA 67.902855 NA 48.670255 62.015325 NA NA 65.15534 77.71541 43.56773 56.5203 NA 85.56545 84.78044 79.28541 49.45526 75.36039 76.1454 67.902855 56.912795 55.34279 42.782725 153.0758 57.3053 104.013045 NA 105.19055 70.65037 71.43537 63.977835 NA 52.59527 NA 44.35273 60.44532 65.940345 63.58533 NA 243.743775 63.58533 71.43537 63.58533 77.71541 69.080365 113.04059 63.58533 76.5379 76.1454
"48" 57.04905 66.557225 49.778095 NA 68.794445 NA 47.540875 68.794445 NA NA 74.94679 85.01427 43.066435 57.04905 NA 96.759665 90.60731 90.60731 51.456 70.47235 79.42122 63.201395 52.015305 59.28627 46.98157 139.8261 59.28627 108.50505 NA 124.16558 67.675835 73.82818 69.353745 NA 57.04905 NA 43.066435 60.40487 80.53983 79.42122 NA 228.19619 63.7607 80.53983 70.47235 63.7607 72.150265 104.03062 58.16766 81.65844 72.70957
"49" 51.22744 66.84556 51.852165 NA 68.40737 NA 48.72854 62.16012 NA NA 63.72193 74.34225 44.0431 52.47689 NA 89.960375 93.084 97.45707 48.10381 78.0906 79.96478 59.036495 59.34886 58.09941 45.60491 118.07299 56.22523 108.077395 NA 117.44827 68.719735 65.59611 75.27934 NA 49.97799 NA 40.60711 58.09941 71.843355 89.33565 NA 186.48036 64.97138 78.71533 64.97138 74.34225 67.15792 98.0818 78.71533 83.713125 102.45487
"50" 51.96354 64.58326 44.91135 NA 73.12013 NA 49.736535 66.81027 NA NA 69.77962 74.97597 46.02485 53.819385 NA 84.62634 97.9884 88.33802 48.9942 76.46064 79.42999 61.985085 54.93289 57.1599 40.08616 117.28914 59.38691 105.78293 NA 112.092785 66.81027 63.09859 68.66611 NA 54.93289 NA 40.8285 59.38691 71.635455 78.68765 NA 170.36619 69.03728 82.39933 68.29494 62.35625 71.26429 105.41176 65.3256 77.57415 79.42999
"51" 45.30509 66.300135 44.20009 NA 60.22262 NA 44.75259 62.985125 NA NA 64.09013 80.66516 38.67508 48.6201 NA 88.40018 97.24019 83.98017 48.6201 81.77016 82.87517 63.53763 62.432625 57.46011 43.09509 132.60026 55.25011 107.737715 NA 126.52275 70.16764 60.77512 65.74763 NA 56.35511 NA 38.67508 57.46011 71.82514 93.92519 NA 207.740415 70.16764 75.14015 65.19513 88.40018 79.56016 116.02523 80.66516 75.14015 82.87517
"52" 49.27811 65.704145 44.67882 NA 65.37563 NA 48.94959 77.530895 NA NA 70.96048 74.90273 43.69326 50.920715 NA 81.14462 97.89918 96.5851 50.59219 82.78723 80.8161 61.10486 54.20592 60.44782 44.67882 107.7548 59.13373 103.15551 NA 120.89563 68.33231 67.01823 69.6464 NA 59.79077 NA 40.07953 57.81965 71.289 79.50202 NA 163.274805 76.21681 84.75835 70.30344 61.7619 77.859415 113.66818 70.96048 81.80166 93.29989
"53" 57.82144 70.34941 48.666375 NA 63.60358 NA 47.702685 61.194355 NA NA 67.45834 84.80477 45.775305 52.03929 NA 95.40537 95.40537 81.9137 51.0756 84.80477 82.87739 72.758645 60.71251 58.78513 45.775305 139.73514 56.85775 102.63305 NA 120.46133 66.976495 65.53096 78.540785 NA 57.82144 NA 40.47501 58.78513 71.794955 99.26013 NA 209.602705 70.83126 82.87739 76.13156 64.56727 76.613405 115.64287 85.76846 76.613405 89.62323
"54" 61.10349 68.947855 47.47906 NA 72.250745 NA 51.607675 64.406375 NA NA 63.58065 82.57228 42.937585 55.73629 NA 83.398 90.00378 87.52662 50.36909 80.09511 75.9665 63.993515 59.03918 55.32343 51.19481 156.88733 59.45204 117.665495 NA 127.57417 75.966495 67.70927 68.94785 NA 54.4977 NA 41.28614 60.27776 65.2321 79.26939 NA 251.84545 63.993515 74.31505 75.14077 79.26939 68.12213 123.0327 65.2321 80.50797 82.57228
"55" 56.90109 63.67503 49.223965 NA 63.22344 NA 52.83673 71.803765 NA NA 70.44897 75.86813 39.288855 57.35269 NA 77.222915 95.73835 102.96389 49.223965 76.77132 72.25536 59.15907 60.062265 59.61067 46.06279 117.41496 62.32025 116.511765 NA 104.77027 81.28728 65.93301 57.804285 NA 50.57875 NA 41.54683 60.51386 70.90057 91.22239 NA 193.283085 70.44897 76.77132 83.09366 77.67451 74.06174 86.70643 68.64259 81.28728 76.77132
"56" 49.76358 65.31469 51.31869 NA 71.53514 NA 42.50639 58.057505 NA NA 68.42492 77.75559 41.98802 53.91054 NA 93.306705 88.123 87.08626 50.80032 75.6821 79.82907 61.6861 54.42891 52.8738 39.914535 136.84983 63.24121 94.343445 NA 128.03753 73.60862 65.31469 69.46166 NA 59.09425 NA 39.39616 59.09425 74.64536 86.04952 NA 220.82587 63.24121 81.90255 72.57188 58.0575 75.6821 109.89456 70.4984 76.71885 75.6821
"57" 59.32517 82.32881 47.82335 NA 68.405555 NA 52.06086 63.56268 NA NA 73.85378 73.85378 44.1912 60.53589 NA 75.66986 93.22527 92.01455 53.27158 79.90737 78.69665 65.98412 52.06086 61.74661 39.34833 108.9646 59.32517 102.91101 NA 113.20211 75.66986 66.58948 65.37876 NA 58.11445 NA 43.58584 61.74661 72.643065 79.90737 NA 169.50048 61.74661 84.75024 60.53589 55.69302 73.85378 112.59675 72.64306 84.144885 76.27522
"58" 52.85946 63.923065 46.71301 NA 60.84984 NA 49.47891 64.230385 NA NA 65.15235 71.2988 46.405685 52.24481 NA 86.3576 93.42602 79.90383 48.24962 71.2988 77.44525 56.85465 51.63017 58.39126 39.95192 149.97334 61.46449 113.401975 NA 117.39717 62.69378 64.53771 63.92306 NA 57.16197 NA 42.717815 59.62055 65.152355 84.82099 NA 227.418595 67.610935 82.97706 67.61093 64.53771 67.30361 111.86536 63.30842 75.293995 78.67454
"59" 55.73979 68.1923 50.106515 NA 80.644805 NA 49.51354 64.63444 NA NA 71.75016 81.83076 43.880265 57.815215 NA 93.097315 87.16755 84.79564 48.0311 84.79564 78.2729 71.15718 57.222235 55.14682 47.73461 128.08293 60.48361 132.82674 NA 105.54982 69.67474 77.08695 81.237785 NA 59.89063 NA 41.50836 60.48361 78.56939 100.80601 NA 202.50148 65.22742 70.56421 75.90099 68.78528 77.383435 106.1428 94.28327 77.679925 83.01671
"60" 56.49252 58.31486 58.770445 NA 68.33773 NA 46.46966 68.793315 NA NA 69.2489 83.82761 46.46966 58.31486 NA 79.727355 80.18294 82.00528 52.84784 75.62709 78.3606 69.2489 54.67018 54.67018 50.569915 170.38874 56.49252 113.44063 NA 104.78452 70.615655 72.89358 61.95954 NA 58.31486 NA 45.55849 61.95954 71.526825 72.89358 NA 260.59454 66.059805 72.89358 70.16007 88.38346 71.07124 97.49516 61.95954 73.80475 83.82761
"61" 51.9944 68.492625 53.99419 NA 70.49241 NA 48.994725 65.99289 NA NA 67.99268 89.99031 43.99526 55.494025 NA 93.489935 92.98999 78.99149 49.99462 79.99139 83.99096 72.492195 62.49327 54.99408 47.494885 115.98751 56.99386 112.487885 NA 116.487455 67.99268 72.99214 88.990415 NA 62.99322 NA 41.99548 58.99365 72.492195 83.99096 NA 182.980295 70.49241 82.99106 72.99214 71.99225 74.49198 118.98719 79.99139 81.491225 91.99009
"62" 54.89854 64.90945 50.700415 NA 72.3369 NA 46.502295 66.847045 NA NA 63.94065 83.96247 48.439885 56.19027 NA 89.129395 89.12939 83.96247 51.992145 75.56623 71.69103 59.419595 59.096665 53.283875 47.794025 140.79861 55.54441 101.723765 NA 114.318135 84.608335 71.69103 62.648925 NA 50.37748 NA 43.91883 59.4196 67.169975 79.44142 NA 213.78137 67.81584 78.79555 69.10757 63.29479 69.75344 99.46324 82.02488 80.73315 73.62863
"63" 56.82591 65.30739 47.92036 NA 57.24999 NA 46.224065 65.731465 NA NA 70.39628 77.18146 44.95184 53.43332 NA 89.055535 84.8148 86.51109 50.88888 80.57406 82.27035 66.15554 61.066655 55.97777 44.95184 145.0333 55.12962 94.5685 NA 125.5259 65.307395 66.15554 72.09258 NA 56.82591 NA 42.4074 60.21851 76.75739 86.51109 NA 216.701805 67.427765 76.33332 74.63702 79.72591 73.78887 110.25924 69.54813 83.1185 82.27035
"64" 48.96536 63.455105 53.462175 NA 59.45794 NA 49.46501 59.45794 NA NA 68.95122 75.94627 43.968895 57.45935 NA 91.93496 84.93991 80.94274 47.96607 77.94486 78.94415 61.45652 60.956875 54.96112 40.97102 154.89042 54.96112 103.42683 NA 116.917285 68.95122 72.94839 72.948395 NA 56.9597 NA 42.9696 59.95758 73.44804 88.93708 NA 250.32291 71.9491 78.94415 62.95546 64.95405 60.95688 97.93072 54.96112 72.948395 81.94203
"65" 50.45364 64.912915 49.83835 NA 70.14286 NA 45.838975 66.45113 NA NA 67.06642 83.6792 38.14787 53.53008 NA 84.90978 98.44612 77.52632 49.83835 89.2168 80.60276 60.91354 53.837725 53.222435 43.377825 123.05765 58.45239 97.52319 NA 110.1366 81.21805 67.06642 78.14161 NA 51.06893 NA 40.60903 57.8371 75.9881 92.29324 NA 198.73811 71.98873 81.83334 81.83334 77.52632 74.44988 126.13409 70.75815 73.219305 93.52382
"66" 57.86996 65.10371 46.29597 NA 51.11847 NA 46.29597 62.21021 NA NA 66.55045 75.23095 47.26047 52.08296 NA 93.55644 92.59194 79.08895 50.15397 80.05345 77.15995 66.068205 56.90546 54.49421 44.84922 115.73992 57.86996 86.32269 NA 126.349415 70.8907 57.86996 76.19545 NA 54.01196 NA 40.50897 57.86996 71.8552 99.34343 NA 167.82289 68.9617 78.12445 68.47945 51.11847 66.068205 100.30793 81.98244 72.33745 90.66294
"67" 44.85851 65.53548 51.166735 NA 56.77405 NA 47.66216 63.08228 NA NA 68.68959 74.99782 45.559425 53.97039 NA 88.665645 91.11884 85.51153 48.36308 74.2969 75.69873 60.97953 56.073135 56.77405 41.35394 138.78101 58.87679 98.8289 NA 127.566385 67.63822 58.87679 69.04005 NA 51.16674 NA 40.65302 58.17588 69.390505 77.10056 NA 211.676085 64.48411 83.40879 62.38136 64.48411 62.73182 100.93164 62.38136 82.00696 80.60513
"68" 51.17002 73.66234 51.451175 NA 87.720035 NA 44.98464 65.22772 NA NA 74.78696 80.41004 43.016555 54.825025 NA 81.253495 105.71389 91.65619 50.04541 88.84465 75.91157 66.914645 63.82195 58.198875 51.17002 91.65619 56.7931 111.055815 NA 109.65005 76.755035 64.1031 79.28542 NA 52.85695 NA 41.04848 57.91772 75.06811 96.71697 NA 132.14237 68.60157 76.47388 78.1608 57.91772 84.908495 133.26698 91.09389 81.815805 95.59235
"69" 53.06323 66.32904 55.274205 NA 65.00246 NA 43.334975 68.9822 NA NA 70.75098 76.0573 43.777165 59.696135 NA 87.99653 88.43872 85.78556 49.52568 80.47924 77.82608 59.69614 66.32904 55.7164 51.29446 163.61164 61.90711 114.97034 NA 108.337435 76.0573 70.75098 73.40414 NA 55.7164 NA 43.33497 61.02272 70.308785 85.78556 NA 264.87397 65.00246 72.51975 65.44465 74.28853 76.0573 117.6235 65.44465 75.615105 67.21343
"70" 51.5156 63.223685 46.497845 NA 71.58661 NA 43.48719 64.89627 NA NA 70.91758 78.27695 41.145575 53.857215 NA 93.66472 88.98149 92.32666 49.17398 82.96018 76.93888 71.58661 48.83946 56.86787 43.152675 138.48998 55.5298 89.65052 NA 114.07025 66.568855 58.87497 67.90692 NA 50.84656 NA 40.81106 58.87497 72.59016 78.94598 NA 229.144055 66.23434 76.26985 70.91758 52.18463 75.266295 109.72153 72.25564 81.62212 85.63632
"71" 51.36453 67.75747 52.4574 NA 61.2003 NA 46.993085 62.29316 NA NA 66.66461 69.94319 43.714495 59.01457 NA 87.975425 76.50037 79.77896 53.00383 68.85033 73.22178 54.64312 57.37528 54.64312 44.26093 158.46505 56.82885 101.089775 NA 130.05063 77.0468 69.94319 69.94319 NA 54.64312 NA 43.7145 60.10743 61.200295 67.75747 NA 239.8833 61.2003 73.22178 67.75747 65.57174 61.2003 86.33613 50.27167 78.686095 77.59323
"72" 55.19696 69.80793 51.54422 NA 56.8204 NA 43.42702 61.284865 NA NA 71.43137 77.11341 41.39772 53.57352 NA 90.50679 89.28921 85.23061 51.13836 77.92513 79.54857 61.690725 51.95008 55.19696 40.99186 133.12209 58.44384 99.02985 NA 128.25177 64.53175 70.61965 73.86653 NA 52.7618 NA 40.99186 58.44384 74.67825 86.85405 NA 212.67066 62.90831 74.67825 73.86653 71.43137 66.56105 94.15953 68.18449 77.11341 76.30169
"73" 54.75842 65.959 44.055635 NA 70.688135 NA 47.29136 67.95022 NA NA 66.70571 72.67935 45.300145 55.50512 NA 98.06735 96.07613 89.60468 47.29136 85.62225 75.16837 69.443625 57.994145 57.24744 42.31332 117.48169 56.74963 101.05417 NA 122.21083 61.72767 74.67057 78.15519 NA 53.26501 NA 41.81552 58.74085 73.42606 96.07613 NA 197.3792 69.44363 81.14202 69.69253 57.74524 77.40849 123.45534 86.12006 82.88433 80.14641
"74" 53.06853 65.80498 54.48369 NA 57.667805 NA 44.93136 67.92772 NA NA 65.0974 73.58836 46.70031 57.667805 NA 76.77248 83.49449 75.71111 50.23821 75.00353 72.1732 53.42232 52.36095 56.60643 44.22378 159.91318 60.85192 114.27424 NA 103.66053 80.31038 67.22014 66.51256 NA 55.19127 NA 43.16241 60.14434 62.97466 79.24901 NA 273.47984 68.6353 70.05046 64.38982 65.0974 66.86635 95.52336 63.68224 72.52699 72.88078
"75" 56.30799 66.832845 47.098735 NA 69.9903 NA 41.573185 63.412265 NA NA 64.72787 72.62152 47.098735 57.36047 NA 92.0925 89.98753 79.46267 52.09804 79.98892 75.25273 74.989605 54.99238 54.20302 45.520005 113.14222 56.83423 112.61597 NA 118.667765 64.46475 69.9903 79.19955 NA 57.88672 NA 42.62567 59.46544 69.9903 92.61874 NA 181.55379 64.20163 77.3577 73.14776 62.09666 73.41088 102.09112 74.72649 83.672615 75.25273
"76" 61.07364 75.61498 54.675445 NA 70.08927 NA 53.22131 64.56356 NA NA 67.47183 80.26821 42.46072 63.40025 NA 80.559035 87.24805 89.57467 49.44056 67.47183 70.96175 59.328675 55.54793 56.12958 46.5323 107.60593 64.56356 85.79392 NA 102.9527 67.181 71.5434 63.98191 NA 55.2571 NA 44.20568 61.65529 64.85439 75.03333 NA 166.06213 63.98191 71.5434 69.21679 51.18552 69.21679 96.55451 69.21679 83.17648 69.21679
"77" 65.03131 77.73274 46.74126 NA 72.65217 NA 49.28154 64.0152 NA NA 70.11188 84.33748 45.725145 57.91851 NA 93.48251 89.41806 86.36971 47.75737 82.30526 81.28914 58.93463 49.28154 54.87017 45.72514 140.22377 60.96686 98.56308 NA 112.78868 71.127995 71.128 73.160225 NA 56.9024 NA 41.66068 60.96686 74.17634 92.4664 NA 225.06931 68.07966 78.2408 71.128 79.25691 66.555485 102.62754 72.14411 83.32137 86.36971
"78" 49.51067 69.917095 47.83801 NA 74.600535 NA 52.855985 60.88474 NA NA 63.561 73.59694 47.50348 55.86677 NA 100.024935 86.9782 81.6257 50.17973 84.30195 80.95664 57.539425 59.88115 54.19411 44.82723 117.08604 66.23725 93.668835 NA 136.823405 74.266005 65.56818 67.575375 NA 49.51067 NA 40.81285 58.87755 73.59694 93.66883 NA 189.01033 60.55021 77.61132 72.25882 61.55381 71.255225 101.02853 66.90631 74.93507 82.29476
"79" 48.93635 67.79723 45.877825 NA 66.777725 NA 48.936345 59.13142 NA NA 65.24846 79.52156 38.74127 48.93635 NA 80.031315 97.87269 94.81417 47.91684 78.50206 75.44353 62.69969 55.563145 58.11191 38.23152 139.67249 62.18994 107.048255 NA 102.97023 65.758215 60.15093 77.48255 NA 56.0729 NA 39.76078 58.11191 79.52156 86.65811 NA 228.36961 65.758215 83.59959 58.11191 65.24846 67.79723 105.00924 90.73614 80.031315 78.50206
"80" 52.06159 74.18776 48.15697 NA 57.267745 NA 50.10928 70.28314 NA NA 67.68006 79.39392 40.9985 52.06159 NA 83.94931 91.10778 83.29854 50.76005 81.997 85.90162 65.07698 63.12467 57.26775 42.30004 156.18476 61.17236 102.17086 NA 110.63087 75.4893 63.77544 65.72775 NA 54.66467 NA 41.64927 59.87082 72.23545 98.91702 NA 261.60947 76.14007 83.29854 67.68006 78.09238 70.28314 127.55089 93.71086 80.69546 78.09238
"81" 53.1285 68.58407 52.645515 NA 87.903525 NA 46.366695 65.203165 NA NA 67.6181 87.90353 47.33267 54.09448 NA 100.46117 91.76742 96.59728 51.19656 94.66533 83.07366 47.815655 53.61149 57.95837 47.815655 114.95076 63.75421 117.84868 NA 124.610495 76.31185 76.31185 81.14172 NA 49.26461 NA 38.63891 58.92434 87.42054 102.39312 NA 179.67094 68.101085 85.97158 85.97158 70.51601 86.454565 97.56325 84.03963 85.488595 87.90353
"82" 56.84372 77.104855 55.99951 NA 69.788335 NA 57.40653 60.22058 NA NA 65.84867 86.1098 47.557375 58.813555 NA 78.23047 86.1098 84.98418 51.21563 75.41643 75.41643 56.56232 59.376365 56.28092 43.89911 134.51139 56.84372 94.55194 NA 112.843235 65.28586 67.5371 61.90901 NA 57.40653 NA 44.46192 60.78339 64.16024 89.48666 NA 201.767085 60.78339 82.17014 75.97924 65.84867 66.130075 93.42632 64.72305 75.69783 74.85362
"83" 59.82142 67.95249 48.496005 NA 65.338935 NA 46.46324 70.85644 NA NA 65.04854 76.66435 46.753635 60.98301 NA 86.247395 85.957 82.47226 48.20561 80.72988 75.50277 66.21012 56.33668 55.75589 47.62482 140.55131 56.91747 103.961505 NA 112.673365 68.53328 80.72988 74.050795 NA 60.98301 NA 42.9785 60.40222 65.919725 88.86095 NA 231.445025 63.596565 81.89146 67.95249 64.46775 75.793165 106.86546 76.08356 81.891465 77.82593
"84" 54.72743 65.38862 49.041465 NA 69.65309 NA 54.727425 69.29772 NA NA 71.07458 83.15726 45.487735 58.9919 NA 87.421735 89.55397 84.57875 53.30594 87.42174 82.44651 68.2316 47.61997 58.63653 45.843105 134.33096 61.83489 110.876345 NA 105.90113 73.917565 77.47129 70.71921 NA 55.43817 NA 43.710865 61.12414 73.206815 78.89279 NA 220.3312 73.56219 71.78533 68.2316 66.81011 83.86801 126.51276 78.18204 80.314275 98.08292
"85" 53.94643 71.58276 53.427715 NA 61.20845 NA 46.68441 64.32074 NA NA 60.17102 79.88221 45.64698 58.09615 NA 89.737805 81.95707 84.03194 49.277985 79.88221 77.80735 55.502575 51.35285 53.94643 45.64698 146.27781 57.05872 107.89286 NA 120.34203 70.026615 64.32074 68.989185 NA 57.05872 NA 43.57211 60.17102 71.58276 84.03194 NA 223.04773 64.839455 73.65762 67.43303 64.32074 69.5079 104.78056 70.54533 76.76992 86.1068
"86" 51.3913 64.87098 42.12401 NA 76.6657 NA 50.97006 68.66214 NA NA 64.87098 71.61082 43.38773 50.12758 NA 93.51531 102.78259 99.41267 47.1789 85.93299 76.6657 66.1347 51.81254 57.28866 37.91161 106.15251 59.8161 102.782595 NA 116.26228 62.34354 66.55594 69.50462 NA 53.91874 NA 37.91161 58.13114 72.03206 93.51531 NA 179.02706 69.92586 80.87811 78.35066 57.28866 80.035625 123.8446 92.67283 83.40555 76.6657
"87" 51.79705 61.82229 45.11356 NA 63.075445 NA 45.53128 61.82229 NA NA 65.99947 73.5184 45.53128 53.46793 NA 104.42954 92.73344 86.88538 49.29074 87.72082 78.53102 64.74632 55.974235 53.885645 40.10094 133.66982 58.48054 105.682695 NA 126.986325 65.581755 71.84753 78.113295 NA 55.97424 NA 39.683225 56.80967 69.34122 90.22713 NA 210.52996 65.16404 78.53102 71.84753 78.53102 78.948735 115.29022 80.20189 74.771555 94.40431
"88" 53.42704 80.140565 50.50525 NA 98.50611 NA 45.07907 75.96658 NA NA 75.13178 79.30577 45.07907 53.42704 NA 80.97536 116.03686 101.0105 48.835655 87.65374 80.97536 63.444615 51.34005 60.10542 44.66167 90.99293 58.43583 127.724025 NA 93.91472 65.949005 68.4534 67.201205 NA 52.59224 NA 39.23548 59.27062 69.288195 93.49732 NA 146.50697 76.383975 78.47097 72.62739 59.27062 90.15813 118.54125 86.81894 78.88837 96.00172
"89" 53.47265 68.326165 45.67456 NA 59.785395 NA 48.27392 66.46948 NA NA 64.61279 69.81152 44.93188 56.44336 NA 89.492425 82.43701 84.66503 49.0166 78.72363 75.75292 65.35546 57.55737 53.47265 46.788575 143.33642 54.21533 108.801995 NA 119.94213 67.95483 73.5249 77.23828 NA 56.44336 NA 41.58984 58.67138 68.697505 94.31982 NA 238.02757 63.870115 77.98095 63.12744 60.89941 72.782225 110.65868 68.32617 77.238275 84.66503
"90" 56.03821 64.544005 46.03139 NA 59.04026 NA 49.53377 67.04571 NA NA 70.04776 71.04844 43.52968 50.534455 NA 97.06618 89.06072 92.06277 49.03343 88.06004 79.0539 69.04708 68.0464 58.03957 40.52763 119.08119 60.04094 103.070275 NA 129.088015 62.542645 70.04776 85.55834 NA 59.04026 NA 40.02729 58.03957 74.55083 89.06072 NA 197.13441 72.54947 81.05527 65.04435 66.04503 70.04776 122.08324 87.05936 80.054585 84.05731
"91" 50.58299 64.111005 46.465775 NA 58.22926 NA 49.99482 65.87553 NA NA 61.17013 71.75727 41.760375 52.93569 NA 91.7552 87.0498 83.52076 47.05395 76.46267 83.52076 68.228225 59.99378 57.052915 44.70125 138.80915 56.46474 114.693995 NA 119.98757 62.934655 62.34648 77.05084 NA 57.64109 NA 41.1722 58.81743 66.463705 89.4025 NA 219.38903 72.345445 79.99171 59.99378 62.34648 68.816395 127.04566 91.7552 75.28632 92.93155
"92" 52.27694 68.94022 59.791755 NA 61.42541 NA 44.108675 61.75214 NA NA 68.61349 67.96003 42.14829 55.870985 NA 80.702535 83.64311 82.33619 47.04925 76.45503 76.45503 66.979835 58.1581 52.93041 44.4354 130.0389 54.89079 96.058885 NA 115.66274 63.71253 70.57388 68.61349 NA 53.58387 NA 42.47502 58.1581 70.247145 71.8808 NA 203.880085 65.01945 72.53426 75.80157 64.03926 70.573875 103.90043 57.50464 78.41542 86.91042
"93" 57.4166 71.45871 54.60818 NA 85.81286 NA 42.12631 63.345495 NA NA 66.77801 73.64304 46.18292 57.4166 NA 88.30923 88.62128 78.63578 51.17567 83.62853 76.7635 60.84912 60.225025 52.735905 44.31064 130.43555 58.66479 105.783855 NA 114.521165 77.07555 63.65754 77.07555 NA 61.16117 NA 43.68655 61.78526 66.77801 78.63578 NA 197.83765 67.714145 76.7635 74.89122 54.92023 74.891225 107.34409 76.13941 78.63578 80.50807
"94" 51.97938 69.305845 54.578355 NA 65.407395 NA 44.18248 64.10791 NA NA 65.84055 82.30069 44.615635 51.11306 NA 88.798115 93.56289 97.89451 48.51409 78.8354 77.10275 65.840555 54.57835 56.311 42.44983 128.21581 57.17732 102.65928 NA 123.8842 68.00636 58.04364 60.20945 NA 50.24674 NA 39.85086 58.04364 66.273715 90.0976 NA 204.8854 66.70688 77.10275 68.43952 77.10275 68.43952 117.81994 68.43952 79.26856 81.43437
"95" 58.74212 73.42766 56.37349 NA 79.112375 NA 43.58287 67.742935 NA NA 71.05902 77.6912 43.58287 54.95231 NA 84.32337 83.37592 74.84884 50.21504 78.63865 77.6912 72.95393 60.163305 55.89976 44.53032 111.79953 56.84722 114.641885 NA 103.27245 64.900575 69.16411 83.37592 NA 57.79467 NA 44.53032 59.68958 78.164925 97.58772 NA 172.910285 68.690385 74.84884 76.74374 55.89976 75.322565 108.95717 80.53356 71.05902 82.42847
"96" 52.25442 67.67376 50.112845 NA 65.532185 NA 57.822515 65.9605 NA NA 65.10387 73.67017 46.686325 54.82431 NA 83.521415 93.37265 86.51962 50.969475 83.0931 75.38343 63.818925 60.392405 58.25083 46.686325 116.50166 59.10746 113.93177 NA 121.213125 74.5268 66.81713 80.094895 NA 55.68094 NA 43.68812 59.96409 67.67376 95.94254 NA 174.324175 68.53039 83.0931 70.24365 73.67017 74.098485 107.93536 73.67017 77.09669 83.0931
"97" 57.1917 71.48963 49.02146 NA 69.44707 NA 41.8725 59.23426 NA NA 67.4045 77.61731 40.85122 57.1917 NA 89.87267 87.83011 87.83011 55.14914 85.78755 73.53219 50.04274 63.31938 51.06402 48.00018 85.78755 63.31938 123.574925 NA 139.91541 86.80883 61.27682 66.383225 NA 49.02146 NA 38.80865 59.23426 83.74499 73.53219 NA 131.74517 56.17042 75.57475 71.48963 79.65987 69.447065 87.83011 61.27682 73.53219 77.61731
"98" 56.60753 62.998705 54.78148 NA 81.259195 NA 42.91216 64.52041 NA NA 71.82461 83.38959 46.56426 59.650945 NA 88.867735 88.25905 80.34617 50.21636 83.99827 76.69407 62.08568 66.955145 53.56412 48.69465 157.04025 59.65095 107.736915 NA 101.65008 81.86788 74.86802 74.56368 NA 67.56383 NA 44.43387 61.477 73.041975 93.12852 NA 263.864135 65.73778 76.69407 73.65066 76.69407 74.86802 110.17165 78.52012 76.38973 73.65066
"99" 55.63345 70.73396 51.65963 NA 69.14443 NA 43.314615 68.74705 NA NA 68.34967 76.2973 42.917235 55.23607 NA 82.655415 80.27112 80.27112 48.87796 74.70778 73.11825 71.13134 57.22298 54.441305 46.09629 153.38937 56.42821 107.690465 NA 102.921885 73.515635 74.70778 68.74705 NA 65.17061 NA 44.50676 61.1968 71.13134 87.42399 NA 213.39402 64.77323 73.91301 70.73396 58.81251 72.32349 94.57687 67.5549 74.310395 81.06589
"100" 60.86075 73.36638 59.19333 NA 70.865255 NA 39.601175 62.94502 NA NA 70.86525 80.03605 49.18882 62.52817 NA 87.53943 80.03605 82.53718 53.35737 70.03155 70.03155 65.863 48.355115 55.02479 46.270845 165.07436 61.69446 93.79225 NA 103.3799 75.0338 75.86751 62.52817 NA 53.35737 NA 47.52141 63.36187 65.863 70.86525 NA 263.86886 63.778725 66.69671 70.86525 56.6922 60.86075 96.71023 65.863 75.86751 60.86075
"101" 51.39159 71.94823 44.96764 NA 62.312305 NA 43.040455 61.66991 NA NA 75.8026 71.94823 47.53722 54.603565 NA 82.22655 93.78966 84.79613 48.82201 78.37218 78.37218 64.881885 56.53075 55.24596 44.96764 113.0615 57.81554 107.92235 NA 125.267005 70.66344 59.10033 69.37865 NA 59.10033 NA 41.11327 59.10033 68.09386 104.06798 NA 185.00974 66.80907 83.51134 74.51781 88.6505 72.590625 118.20066 77.08739 80.94176 83.51134
"102" 54.47863 67.68557 57.505225 NA 65.48442 NA 41.546835 64.658985 NA NA 66.58499 79.79194 47.600015 59.15609 NA 84.469395 82.54338 73.18847 51.452045 77.59078 80.89251 62.18268 58.88095 53.37805 48.700595 137.02201 57.78037 92.72373 NA 112.80929 77.315635 67.13528 63.28326 NA 55.57921 NA 44.02314 60.53181 70.161875 89.69714 NA 208.55961 65.759565 76.4902 62.73297 79.24165 68.23586 119.41276 64.93413 77.315635 77.04049
"103" 54.62304 69.40339 48.839425 NA 62.65584 NA 48.51811 65.547645 NA NA 71.97389 79.04275 44.34105 55.26566 NA 86.432925 91.89523 80.97062 46.91155 79.68537 79.04275 64.58371 61.691905 56.2296 44.34105 123.38381 59.12141 107.63952 NA 127.882175 70.367325 70.68864 74.865695 NA 58.47878 NA 40.48531 59.76403 73.25913 100.24934 NA 200.17737 64.2624 84.82637 70.04601 75.18701 71.652575 124.66905 81.61325 78.078815 82.25587
"104" 56.47454 72.02551 56.47454 NA 60.976135 NA 47.471355 63.84079 NA NA 67.11468 76.93634 49.92677 54.01913 NA 89.21341 83.48411 85.12105 49.92677 79.39175 76.11786 65.47773 57.29302 56.065305 49.1083 139.14018 58.92996 101.08125 NA 119.087625 67.523915 71.20703 72.025505 NA 54.8376 NA 42.56053 60.5669 67.523915 82.66564 NA 218.531935 68.75162 78.57328 74.48092 71.20703 65.47773 112.94909 66.2962 82.256405 81.02869
"105" 62.69614 77.164485 49.4335 NA 75.95879 NA 42.60123 65.10753 NA NA 71.53791 73.9493 43.003125 59.07906 NA 78.37018 88.41764 89.22143 51.04109 80.37967 77.96828 61.49045 57.87336 57.87336 49.0316 114.94293 61.08855 100.474585 NA 122.579 67.117025 68.32272 72.7436 NA 58.67716 NA 43.40502 61.89235 71.939805 88.41764 NA 183.667545 65.91133 79.57587 77.96828 66.71513 84.39865 112.53154 73.9493 78.77208 85.20245
"106" 51.04305 70.73109 48.855495 NA 70.0019 NA 43.386595 67.81434 NA NA 71.46028 83.12726 44.115785 57.60573 NA 84.58563 89.68994 83.12726 50.31387 78.75214 80.9397 63.439225 56.14736 57.60573 49.58468 152.39998 56.87655 111.56553 NA 103.544485 72.91865 69.27272 63.80382 NA 56.14736 NA 43.75119 61.25167 74.741615 75.10621 NA 239.902355 72.554055 77.29377 65.62678 62.71004 80.210515 107.9196 58.33492 78.02296 77.29377
"107" 58.84308 72.29292 52.53846 NA 74.39446 NA 59.683695 57.161845 NA NA 68.93046 60.52431 48.335385 60.104 NA 82.38031 81.53969 85.74277 52.95877 70.61169 67.24923 55.480615 65.568 54.64 42.451075 121.04861 58.84308 76.07569 NA 120.628305 71.032 53.79938 60.52431 NA 53.79938 NA 42.87138 60.52431 55.90092 69.77108 NA 191.24 59.263385 71.45231 75.65538 44.55262 65.568 87.424 52.95877 70.191385 63.04615
"108" 52.42057 62.458545 51.026405 NA 60.227885 NA 50.74757 66.362205 NA NA 70.26587 70.26587 44.89208 56.32423 NA 89.50533 87.5535 78.63085 49.353405 78.07318 79.18851 55.76656 63.01621 52.97823 51.026405 148.33905 56.32423 107.350625 NA 110.138955 78.073185 70.82353 71.102365 NA 55.76656 NA 42.103755 60.22788 58.83372 93.13015 NA 233.383055 70.26587 72.49653 71.93886 50.1899 68.592865 124.35943 81.97684 76.95785 85.8805
"109" 52.62416 74.32484 52.3529 NA 76.22365 NA 43.13011 72.96855 NA NA 71.61226 85.7177 47.19899 56.9643 NA 85.175185 88.97281 74.86736 49.91157 76.49491 73.78233 60.219395 56.42178 53.16668 49.36906 119.35376 58.59185 94.126715 NA 103.07825 78.39372 77.03743 61.84695 NA 60.76192 NA 42.31633 60.76192 65.64457 90.60036 NA 183.64204 69.44219 74.32484 74.32484 62.93198 72.15478 118.26873 64.55954 77.308685 80.83505
"110" 50.44114 64.668125 54.967905 NA 56.90795 NA 47.20773 60.78804 NA NA 69.84158 76.30839 43.974325 54.96791 NA 101.52896 86.65529 75.01503 55.61459 75.01503 80.18848 56.90795 61.43472 53.02786 49.14778 140.97651 65.96149 89.888695 NA 120.282715 70.48826 58.20131 69.194895 NA 51.7345 NA 41.3876 60.78804 71.134935 76.30839 NA 214.69818 65.96149 77.60175 56.90795 56.90795 58.847995 111.22918 64.66813 73.07498 76.30839
"111" 55.83628 62.405255 55.42572 NA 61.584135 NA 48.85675 66.100305 NA NA 66.51087 79.64881 45.57226 55.42572 NA 87.86003 84.57554 80.46994 47.2145 79.64881 75.5432 70.616475 54.6046 55.01516 48.035625 142.87519 55.01516 107.56695 NA 116.188735 71.437595 68.15311 81.29106 NA 61.58413 NA 42.69833 59.12077 70.61647 116.59929 NA 216.77615 71.437595 72.25872 70.61647 70.61647 66.510865 102.64022 70.61647 76.36433 83.75442
