"V1" "V2" "V3" "V4" "V5" "V6" "V7" "V8" "V9" "V10" "V11" "V12" "V13" "V14" "V15" "V16" "V17" "V18" "V19" "V20" "V21" "V22" "V23" "V24" "V25" "V26" "V27" "V28" "V29" "V30" "V31" "V32" "V33" "V34" "V35" "V36" "V37" "V38" "V39" "V40" "V41" "V42" "V43" "V44" "V45" "V46" "V47" "V48" "V49" "V50" "V51"
"1" 56.0699 73.84817 51.28345 NA 64.959035 NA 55.72801 56.41179 49.23211 NA 74.873835 77.95084 45.81321 55.38612 NA 87.52375 85.472415 98.80611 51.28345 90.94265 80.68596 45.12944 61.19825 56.41179 48.89022 139.49098 58.80502 100.51556 NA 106.66957 69.06171 57.43746 62.22392 NA 56.0699 NA 43.0781 60.17258 65.9847 82.05352 NA 207.18513 67.35226 77.95084 64.27526 NA 72.48061 114.87493 74.53195 74.87384 81.36974
"2" 65.22927 81.70131 60.6171 NA 69.84144 NA 57.98157 64.57039 51.39276 NA 76.430255 86.31348 48.098355 59.29934 NA 89.60789 79.06578 97.51447 55.34605 92.24341 80.38355 50.075 54.02828 54.02828 54.687165 144.95394 54.02828 127.82302 NA 101.46775 67.20592 65.88815 67.20592 NA 57.98157 NA 47.43947 61.93486 63.25263 93.56118 NA 214.79538 66.547035 72.47697 60.6171 NA 75.11249 112.00986 64.57039 68.52368 75.11249
"3" 64.09835 73.14753 64.09835 NA 72.39343 NA 52.40983 61.83606 56.55737 NA 73.14753 75.032775 51.65573 61.83606 NA 92.75408 81.81966 89.36064 53.54098 88.60654 79.18032 45.24589 52.40983 54.29507 59.19671 156.09834 57.688515 125.18031 NA 95.77048 68.62294 58.06556 65.2295 NA 54.29507 NA 46.75409 61.83606 64.09835 67.86884 NA 229.24587 64.4754 70.88523 60.32786 NA 80.68851 103.31146 79.93441 65.9836 81.44261
"4" 58.08699 76.60749 54.71963 NA 64.82172 NA 64.4008 58.08699 53.45687 NA 74.92381 70.29368 54.71963 59.77068 NA 90.91877 85.86773 105.65098 51.35227 84.18405 72.8192 54.71963 49.66859 55.98239 47.98491 142.27105 58.08699 96.81166 NA 90.07693 75.76565 55.56147 59.349755 NA 53.87779 NA 43.77571 60.61252 61.45436 86.70957 NA 221.40405 62.2962 69.03092 62.2962 NA 65.66356 94.28614 58.08699 71.55644 74.92381
"5" 52.23421 72.22508 59.32774 NA 82.542945 NA 55.458545 60.295045 50.29961 NA 78.02888 78.99618 51.91178 61.26234 NA 83.83268 83.18781 88.66918 50.94448 82.542945 75.44941 47.72014 58.36044 53.52394 50.944475 143.80529 55.45854 118.01062 NA 92.86082 69.64561 67.06614 63.519375 NA 61.26234 NA 47.07527 61.90721 58.360445 73.51481 NA 232.7969 72.22508 74.15968 72.86995 NA 74.80455 105.11328 67.71101 68.67831 92.21595
"6" 54.650285 78.07184 56.60208 NA 69.288755 NA 55.626185 62.45747 50.746695 NA 71.24055 74.16825 46.843105 60.50567 NA 91.73441 84.903125 87.83082 50.7467 91.73441 77.09594 46.8431 60.505675 54.65029 48.7949 142.48111 57.57798 105.39698 NA 103.44519 60.50567 62.45747 70.26465 NA 54.65029 NA 44.89131 60.50567 58.55388 87.83082 NA 222.50474 70.26465 68.31286 68.31286 NA 70.26465 124.91494 64.40927 68.31286 87.83082
"7" 57.787415 71.49968 59.74631 NA 70.520235 NA 57.78741 53.379895 50.441555 NA 71.49968 73.9483 49.95183 56.80797 NA 92.06808 85.701675 91.578355 48.97238 87.17084 79.824985 43.0957 56.31824 53.86962 48.48266 168.465 56.318245 109.69814 NA 108.71869 67.58189 60.72576 62.68465 NA 55.82852 NA 46.03404 60.72576 56.318245 93.04753 NA 268.36866 67.58189 77.37637 64.64355 NA 66.60244 95.98587 78.35581 70.03051 80.31471
"8" 57.10415 71.4773 52.83105 NA 75.36194 NA 55.93876 61.37725 46.227165 NA 74.973475 68.758055 47.004095 55.16183 NA 83.13121 94.396655 95.17358 48.94641 89.34663 72.25423 45.06178 56.715685 60.60032 45.8387 116.53908 56.71569 87.01585 NA 110.32366 66.03881 59.82339 62.9311 NA 55.16183 NA 43.50792 59.04647 59.046465 89.34663 NA 174.03169 71.865765 80.80043 66.03881 NA 80.80043 103.33132 69.14652 71.08884 80.80043
"9" 58.122045 72.48161 61.54099 NA 71.114035 NA 59.48962 62.90857 48.549 NA 75.21677 80.00329 47.86521 60.17341 NA 95.73043 83.42223 97.09801 49.23279 92.99527 82.05465 57.43826 53.33552 54.7031 50.600365 180.52024 58.80583 143.59564 NA 91.6277 62.90857 61.54099 69.74645 NA 60.17341 NA 46.49764 61.54099 62.908565 98.46558 NA 258.47216 71.11403 67.0113 69.74645 NA 76.58434 121.7144 87.52496 69.74645 79.3195
"10" 51.04496 83.24256 51.04496 NA 80.88664 NA 51.43762 58.898035 45.940465 NA 69.10703 75.78214 49.47435 55.75681 NA 103.66054 92.66624 108.37239 51.04496 100.911965 80.493985 41.62128 60.46865 60.46865 49.081695 115.44015 58.11273 101.30462 NA 113.08423 74.60418 67.53641 73.426215 NA 54.9715 NA 42.40659 60.46865 74.211525 111.51361 NA 162.55858 66.75111 78.53071 76.17479 NA 76.17479 102.08993 67.53641 70.67764 94.23686
"11" 56.04094 73.2843 56.04094 NA 62.5072 NA 48.49696 64.66262 49.57467 NA 77.59514 66.81804 53.88551 58.19636 NA 96.99393 84.0614 101.30477 51.73009 101.30477 86.21682 60.35178 51.73009 53.88551 52.8078 163.81196 56.04094 96.99393 NA 94.83851 68.97346 62.5072 75.43972 NA 62.5072 NA 45.26383 61.42949 60.35178 92.68309 NA 243.56253 75.43972 77.59514 68.97346 NA 84.0614 120.70355 84.0614 71.12888 88.37224
"12" 63.11687 83.26055 64.45978 NA 66.474145 NA 53.045025 59.08813 50.359205 NA 75.87453 75.20307 45.65901 61.77395 NA 91.31802 79.23181 87.28928 51.03066 83.932005 76.54599 47.00192 57.073765 56.40231 52.37357 155.7778 57.74522 89.97511 NA 91.31802 68.48851 63.11687 55.059395 NA 61.77395 NA 51.03066 63.11687 62.44541 92.66093 NA 224.26631 65.80269 68.48851 68.48851 NA 67.1456 99.37549 59.08813 73.188705 79.23181
"13" 53.96536 75.5515 56.36382 NA 73.15304 NA 51.56689 65.95766 43.771895 NA 74.35227 76.75073 50.36766 57.56305 NA 94.73918 89.94226 84.545725 51.56689 92.940335 79.14919 46.76997 62.35997 56.36382 47.9692 135.513 56.36382 115.12609 NA 106.73148 68.35612 67.15689 56.36382 NA 64.75843 NA 45.57074 61.16074 62.959585 83.94611 NA 200.27143 71.354195 75.5515 75.5515 NA 81.54765 118.72378 76.75073 67.15689 91.14149
"14" 54.775805 76.44535 52.36808 NA 79.154045 NA 64.10575 59.290295 51.16421 NA 80.65888 73.43569 46.34876 56.5816 NA 85.47433 89.08592 90.28979 51.16421 89.08592 73.134725 59.59126 53.57194 56.280635 51.76614 113.76513 54.17387 89.08592 NA 85.47433 70.42603 60.19319 63.804785 NA 54.7758 NA 43.94103 58.98933 61.39706 72.83376 NA 162.52162 64.70768 71.6299 68.01831 NA 74.03763 110.75547 78.25115 72.532795 86.07626
"15" 50.42228 69.58274 57.4814 NA 70.086965 NA 52.94339 61.010955 43.36316 NA 71.59963 75.63342 42.858935 56.47295 NA 98.82766 82.188315 89.75165 50.42228 95.298105 82.69254 57.4814 64.036295 51.43072 52.94339 161.35129 55.96873 129.08103 NA 102.86145 69.58274 63.53207 68.070075 NA 58.48984 NA 43.36316 58.48984 67.06163 91.76855 NA 249.08605 73.61653 66.55741 63.53207 NA 69.58274 110.92901 90.7601 69.58274 88.74321
"16" 54.26785 71.80054 51.76318 NA 77.227325 NA 56.77252 63.45164 48.006175 NA 72.63543 72.217985 48.841065 55.93763 NA 88.49834 82.236665 94.34256 49.25851 85.576225 74.30521 45.08406 60.94697 53.43296 45.08406 136.08706 53.43296 87.66345 NA 105.19613 75.1401 65.12142 60.94697 NA 56.77252 NA 44.24917 60.11208 61.364415 96.01234 NA 204.54804 67.208645 74.30521 70.13076 NA 72.63543 96.84723 65.12142 70.13076 68.46098
"17" 53.912745 78.57051 50.98725 NA 68.958165 NA 62.689235 60.599595 45.55418 NA 79.40637 74.39123 43.88247 53.49482 NA 91.10836 94.03386 101.974495 47.64382 93.198 76.06294 42.62868 57.6741 56.00239 43.88247 119.52748 55.58446 115.3482 NA 98.63107 70.21195 56.83824 66.032665 NA 54.33067 NA 42.62868 57.6741 58.50996 104.48206 NA 187.23186 71.0478 76.06294 65.19681 NA 72.71952 124.54262 93.61593 74.80916 86.92908
"18" 55.20091 71.76119 52.44087 NA 90.391495 NA 56.58094 58.65097 58.65097 NA 73.83122 69.00114 46.92078 55.20091 NA 92.46153 91.77152 93.15154 51.06085 98.67163 80.04132 51.06085 53.13088 53.82089 55.20091 114.5419 62.10103 100.74167 NA 95.22158 69.00114 66.2411 74.52123 NA 51.06085 NA 41.40069 59.34098 61.411015 82.80137 NA 171.12283 66.93111 77.28128 74.52123 NA 89.70148 114.5419 84.18139 67.62112 92.46153
"19" 53.137595 66.85053 55.70877 NA 72.84993 NA 54.42318 61.27965 47.56672 NA 76.27816 74.992575 47.13819 56.56583 NA 96.84756 89.99109 100.70432 52.28054 94.27638 76.27816 53.1376 56.1373 53.99465 52.70907 147.41398 58.27994 110.56048 NA 95.9905 70.27876 59.99406 62.136705 NA 53.1376 NA 42.8529 58.27994 62.99376 89.99109 NA 233.11978 67.70758 76.27816 71.99287 NA 76.27816 101.9899 64.27935 68.56464 92.56227
"20" 58.21547 78.91431 67.27121 NA 69.85857 NA 57.56863 59.50915 60.802825 NA 75.03327 78.91431 47.219215 59.50915 NA 95.73211 86.67637 96.37895 50.45341 84.08902 78.26747 47.86605 50.45341 53.6876 53.6876 151.36023 58.86231 93.14476 NA 91.85108 71.15224 54.33444 48.51289 NA 54.33444 NA 45.2787 60.80283 68.56489 63.39018 NA 235.44924 68.56489 71.15224 69.85857 NA 69.85857 106.08153 65.97753 71.15224 82.79534
"21" 56.63099 76.50809 56.25595 NA 69.38234 NA 54.38075 53.63067 56.25595 NA 76.50809 74.63289 50.25531 57.75611 NA 90.00952 87.0092 96.76023 50.25531 91.50968 81.38361 47.255 58.13115 53.25563 53.25563 153.01618 61.13146 103.51095 NA 90.00952 66.00698 60.00635 63.00666 NA 51.75547 NA 43.5046 58.88123 59.25627 81.75865 NA 231.77451 66.38202 72.00761 69.0073 NA 78.00825 101.26071 67.50714 68.25722 74.25785
"22" 49.07664 70.10948 57.25608 NA 73.61496 NA 52.58211 61.93004 53.166355 NA 70.693725 71.27797 46.155405 53.7506 NA 94.6478 82.378645 89.38959 51.41362 94.6478 83.547135 50.24513 57.840325 54.334845 53.7506 167.09427 56.08759 122.69159 NA 99.32177 75.95194 65.43552 70.10948 NA 56.08759 NA 43.23418 59.59306 63.68278 87.63685 NA 257.0681 72.44646 77.12043 63.09853 NA 80.6259 102.82724 74.78345 68.94099 85.29987
"23" 49.30987 72.42388 60.09641 NA 70.11248 NA 57.01454 57.01454 46.22801 NA 74.735275 70.112475 46.22801 58.55547 NA 100.16068 80.12854 80.128545 53.93267 89.37415 84.75134 47.76894 60.866875 49.30987 55.47361 184.91202 57.01454 106.32441 NA 95.53788 84.75134 67.80108 65.489675 NA 52.39174 NA 44.68707 60.09641 61.637345 83.21041 NA 286.61364 67.03061 69.34201 63.17828 NA 70.88294 107.86535 61.63734 66.26014 87.83321
"24" 59.47285 75.69271 59.47285 NA 83.80265 NA 54.06622 64.87947 54.06622 NA 75.69271 67.58278 59.47285 64.87947 NA 97.3192 86.50596 86.50596 54.06622 97.3192 81.09934 59.47285 70.28609 48.6596 59.47285 151.38543 62.17616 91.91258 NA 81.09934 75.69271 64.87947 59.47285 NA 54.06622 NA 43.25298 59.47285 67.58278 59.47285 NA 232.48476 70.28609 70.28609 75.69271 NA 91.91258 124.35232 70.28609 62.17616 91.91258
"25" 51.45678 81.8882 58.64966 NA 81.334905 NA 58.09636 68.60904 51.45678 NA 82.9948 75.80192 47.03039 58.64966 NA 87.42119 86.86789 87.42119 53.11667 89.08109 79.67501 48.69028 57.54306 52.01008 58.09636 147.17745 58.09636 119.51251 NA 82.9948 70.82223 65.28924 65.289245 NA 57.54306 NA 45.37049 59.75626 58.64966 80.78161 NA 211.36009 72.48213 77.46181 69.71563 NA 88.52779 120.61911 68.60904 65.84254 90.74098
"26" 57.30872 72.38996 54.29247 NA 73.59646 NA 53.08597 64.54772 47.05348 NA 78.42246 77.21596 49.46647 55.49897 NA 96.51995 86.2647 89.28095 48.25997 93.5037 79.62896 54.29247 61.53147 54.29247 54.29247 132.71493 60.32497 90.48745 NA 104.96544 71.18346 57.91197 59.72172 NA 62.73797 NA 45.84698 61.53147 62.73797 86.86795 NA 199.07239 65.15097 72.38996 63.94447 NA 83.24846 130.30193 77.21596 66.35746 83.24846
"27" 53.909915 76.26281 57.85455 NA 78.235125 NA 61.141735 59.16942 54.567355 NA 80.20744 68.37355 51.280165 56.53967 NA 88.09669 82.17975 95.98595 53.90992 86.12438 76.26281 43.39091 53.90992 53.90992 49.96529 134.11736 59.16942 90.72645 NA 86.78182 64.42893 53.90992 64.42893 NA 52.59504 NA 44.70579 60.4843 57.19711 86.78182 NA 218.26942 65.086365 74.94793 68.37355 NA 82.83719 102.56033 71.00331 72.31818 77.57769
"28" 62.52248 82.30807 60.93963 NA 81.51665 NA 59.752495 62.52248 58.96107 NA 79.14238 81.12094 51.83826 57.77394 NA 85.47377 83.89092 100.90653 50.65112 92.992295 73.998125 49.06828 56.19109 53.02539 49.06828 132.16777 60.93963 98.92797 NA 98.13655 66.4796 57.77394 68.85387 NA 55.39967 NA 45.11116 60.14821 52.62968 75.97668 NA 206.56161 62.52248 75.18526 66.4796 NA 89.43089 99.7194 75.97668 68.06245 91.80516
"29" 56.25559 77.84204 57.56386 NA 79.804445 NA 52.65785 61.81574 52.65785 NA 71.95483 81.766855 49.714245 58.218 NA 90.92474 82.748055 88.96233 51.67665 96.81195 73.91723 50.36838 56.58266 55.60146 50.695445 136.71417 56.25559 96.15782 NA 94.19541 69.99242 65.41348 67.04882 NA 56.90973 NA 45.78944 60.1804 65.41348 83.72926 NA 221.09756 69.01122 73.91723 68.68415 NA 85.69166 128.21042 67.37589 66.394685 81.11272
"30" 57.40426 68.08412 57.40426 NA 81.767695 NA 52.06433 56.403025 53.39931 NA 74.425295 77.095255 46.39065 58.07175 NA 87.44137 80.09897 85.4389 50.06185 85.772645 76.76151 46.7244 57.070515 53.39931 51.39684 152.85553 56.403025 88.10886 NA 100.12371 64.07917 62.74419 66.081645 NA 54.73429 NA 44.72192 60.07423 60.407975 100.12371 NA 250.30927 68.08412 70.0866 66.08165 NA 76.76151 99.45622 70.0866 65.747905 68.75161
"31" 55.338855 69.38006 57.81672 NA 77.63959 NA 42.94956 63.59839 42.123605 NA 75.16173 73.509825 47.90528 51.20909 NA 95.81056 85.89912 80.9434 52.861 100.76628 82.59531 51.20909 59.46862 51.20909 52.035045 113.98153 57.81672 107.3739 NA 110.67771 67.72815 71.03197 72.68387 NA 64.42434 NA 42.94956 59.46862 60.294575 94.15865 NA 180.05777 74.33578 72.68387 79.2915 NA 90.85484 118.93725 71.03197 65.250295 84.24722
"32" 53.94394 67.1547 49.54036 NA 80.915915 NA 51.1917 57.79708 51.191705 NA 69.906945 69.3565 43.48542 52.84305 NA 95.77802 89.72309 97.429365 50.64125 97.429365 80.36546 47.33856 65.50336 55.04484 44.03587 125.50223 57.24663 97.97981 NA 113.39237 66.05381 60.54932 68.806045 NA 57.24663 NA 40.73318 57.24663 59.998875 94.67712 NA 186.05156 71.00784 73.76008 62.75112 NA 73.76008 142.01568 71.55829 68.2556 86.97085
"33" 55.41463 73.61048 56.24172 NA 78.572985 NA 53.760465 64.9261 45.903165 NA 67.40735 71.129225 42.181285 54.58755 NA 89.32508 80.22715 89.73862 50.45213 94.287585 77.7459 45.48962 48.384415 52.1063 56.24172 148.04805 57.48234 94.28758 NA 91.80633 66.99381 63.68547 68.647975 NA 57.89588 NA 44.66254 60.79068 58.722965 74.43757 NA 231.58354 74.024025 76.09173 73.61048 NA 80.22715 102.55842 59.55005 67.82089 74.43757
"34" 49.95253 80.15638 56.92265 NA 70.86289 NA 55.76096 61.569395 48.790845 NA 74.928795 78.9947 44.144095 59.24602 NA 96.42 82.47976 87.12651 52.2759 98.74337 81.31807 47.62916 53.43759 48.79084 56.341805 148.6959 58.66518 109.19855 NA 91.77325 74.34795 58.08434 69.7012 NA 59.24602 NA 46.46747 60.40771 63.89277 89.44988 NA 233.49903 68.53952 73.18626 70.86289 NA 87.12651 108.03687 89.44988 68.53952 78.9947
"35" 58.77719 80.03702 60.02776 NA 78.16115 NA 58.777185 68.78181 55.02545 NA 68.78181 75.034705 52.524295 62.52892 NA 91.29223 83.78875 90.66694 51.27372 90.04165 77.53586 52.52429 63.7795 51.899005 50.64843 131.31074 56.27603 93.79338 NA 91.29223 71.28297 65.03008 62.52892 NA 56.27603 NA 47.52198 62.52892 54.40016 73.78413 NA 196.34081 66.28066 73.78413 66.28066 NA 91.29223 90.04165 61.27834 65.03008 71.28297
"36" 56.993615 71.89964 56.11679 NA 68.39234 NA 60.500915 64.008215 43.84124 NA 73.65329 71.89964 43.84124 59.62409 NA 91.18979 85.92884 102.588515 52.60949 94.69709 79.791065 45.59489 49.979015 54.36314 47.34854 163.08943 59.62409 91.18979 NA 99.95804 71.89964 59.62409 70.14599 NA 61.37774 NA 43.84124 59.62409 64.008215 96.45074 NA 263.04747 71.022815 68.39234 66.63869 NA 71.89964 105.21899 61.37774 65.761865 84.17519
"37" 57.517 71.21152 55.87366 NA 69.56818 NA 54.778095 58.06478 41.63135 NA 70.663745 71.759305 48.752505 58.06478 NA 85.45383 84.35827 99.69613 52.58697 85.45383 78.88046 50.39585 64.09037 58.06478 47.10916 146.8053 60.80369 102.98282 NA 101.88726 70.11596 56.96922 58.06478 NA 62.44703 NA 44.91804 60.80369 59.16034 95.31389 NA 207.0612 67.92484 72.30709 61.35147 NA 65.73372 101.88726 70.11596 67.92484 76.68933
"38" 47.29642 75.67427 56.75571 NA 78.039095 NA 52.02606 61.48535 44.9316 NA 75.67427 80.40392 54.390885 56.75571 NA 99.32249 75.67427 92.22802 52.02606 89.8632 75.67427 52.02606 54.390885 52.02606 47.29642 165.53748 61.48535 89.8632 NA 99.32249 70.94463 61.48535 63.85017 NA 56.75571 NA 42.56678 61.48535 68.57981 66.21499 NA 255.40068 70.94463 70.94463 70.94463 NA 66.21499 113.51141 56.75571 61.48535 70.94463
"39" 55.452255 77.212 53.34647 NA 70.192725 NA 54.0484 61.418635 47.731055 NA 77.212 72.64947 48.43298 56.85611 NA 84.9332 87.74091 85.986085 47.02913 96.16403 77.56296 45.62527 58.96189 54.399365 51.591655 122.83727 55.10129 111.60643 NA 97.56789 74.40429 62.47152 69.139835 NA 58.25996 NA 44.22142 58.96189 63.17345 85.63512 NA 185.30879 76.159105 75.80814 73.70236 NA 76.51007 122.13534 90.54861 69.139835 81.42356
"40" 53.672485 73.2672 57.93221 NA 74.119145 NA 53.672485 59.6361 56.22832 NA 76.67498 76.67498 49.41277 59.6361 NA 93.71387 81.78665 92.00998 52.82054 93.71387 78.37887 46.00499 55.376375 54.52443 54.52443 148.2383 61.33999 90.30609 NA 97.12164 66.45165 59.6361 58.784155 NA 59.6361 NA 44.3011 59.6361 64.74776 86.89831 NA 216.39384 68.15554 73.2672 63.04387 NA 73.2672 107.34497 83.49054 66.45165 86.89831
"41" 53.313845 75.39331 58.16056 NA 77.008885 NA 59.776125 63.54579 42.004845 NA 75.39331 77.54741 49.544175 56.00646 NA 92.62607 85.08674 94.24164 48.46713 89.933455 75.931835 49.54418 55.467935 54.92941 52.236795 149.70958 56.544985 135.70796 NA 87.24083 66.77693 64.62284 65.699885 NA 54.92941 NA 44.15894 58.16056 60.853175 82.93264 NA 226.17994 68.93103 71.08512 65.69989 NA 60.31465 113.08997 73.23922 64.62284 80.77855
"42" 58.487 75.19757 59.41536 NA 72.412475 NA 61.736275 59.41536 57.55863 NA 70.09156 79.37521 51.52426 60.34373 NA 90.97977 80.76776 92.37232 51.98844 88.19468 76.12593 46.41825 57.09445 57.55863 50.13171 154.10859 59.879545 109.54707 NA 100.26342 66.84228 60.34373 60.80791 NA 53.84517 NA 46.41825 61.27209 68.23483 77.98266 NA 223.73597 63.128825 70.55574 62.20046 NA 72.41247 99.33506 83.55285 70.09156 77.0543
"43" 54.636235 73.59167 52.77786 NA 72.476645 NA 63.92811 60.583035 49.432785 NA 71.733295 71.36162 49.432785 57.98131 NA 84.74192 92.547095 104.06902 49.06111 88.45867 73.219995 42.37096 52.77786 59.096335 46.83106 127.85623 52.77786 102.58232 NA 101.83897 71.36162 60.21136 57.609635 NA 54.26456 NA 44.229335 59.46801 57.98131 81.02517 NA 191.04099 70.61827 76.56507 68.38822 NA 82.51187 97.37887 81.02517 71.36162 75.82172
"44" 52.521765 76.61999 58.08289 NA 78.4737 NA 47.57854 60.55451 54.99338 NA 72.294665 76.61999 50.66806 60.55451 NA 90.21386 80.32741 85.27063 51.90386 88.97805 76.61999 50.66806 53.13967 53.13967 53.13967 170.54127 54.99338 112.45837 NA 97.6287 69.20515 55.61128 66.733535 NA 63.02612 NA 46.96064 61.79031 56.229185 84.03483 NA 266.93415 69.20515 64.26193 59.3187 NA 81.56321 117.4016 72.91257 64.26193 72.91257
"45" 62.02125 73.99026 59.84507 NA 97.92829 NA 49.508195 66.917665 54.404605 NA 74.53431 77.25454 48.96415 56.58079 NA 93.57592 84.87119 73.446215 53.31651 101.19257 80.51882 53.31651 65.829575 53.31651 53.31651 127.30678 56.58079 115.33777 NA 95.75211 76.16645 62.02125 73.446215 NA 60.93316 NA 44.61178 61.477205 64.741485 89.22355 NA 202.38514 70.72599 76.16645 82.695 NA 97.92829 126.21869 73.99026 64.741485 90.31165
"46" 54.37422 72.7913 59.63625 NA 81.99984 NA 62.70576 60.51325 53.935725 NA 78.49182 81.561335 49.989205 53.49722 NA 89.45437 90.33137 97.3474 49.1122 97.3474 79.80733 55.25123 57.443735 57.00523 48.6737 127.16552 56.56673 116.64148 NA 94.71639 68.40628 64.02126 68.40628 NA 55.25123 NA 44.72718 59.63625 64.89827 74.54531 NA 194.6948 75.42231 82.43834 69.28328 NA 91.20838 128.91953 82.43834 69.28328 90.33137
"47" 49.4855 73.15247 52.71281 NA 62.93264 NA 67.77361 57.0159 47.33395 NA 79.069215 74.228245 48.409725 60.24321 NA 88.21328 86.599615 99.508875 49.4855 78.53133 72.0767 45.18241 46.25818 57.0159 46.25818 142.00186 54.86435 98.97099 NA 95.74368 64.5463 65.62207 45.720295 NA 51.63704 NA 44.10664 60.24321 59.16744 88.21328 NA 216.2301 64.5463 71.00093 75.30402 NA 73.15247 106.50139 55.94013 69.92516 65.62207
"48" 48.921695 72.70931 49.37052 NA 65.976965 NA 54.756395 57.44933 46.67758 NA 71.81166 67.772255 47.126405 52.9611 NA 96.0481 92.90634 94.70163 48.47287 93.803985 77.64636 45.77994 61.48874 56.55169 54.75639 129.26099 54.30757 99.63868 NA 107.7175 69.11873 59.24462 60.59109 NA 63.73285 NA 42.18935 57.44933 61.039915 106.81985 NA 198.37972 67.32343 76.29989 67.32343 NA 73.60696 128.36335 87.96929 72.260485 95.15045
"49" 46.11648 71.40616 52.06699 NA 84.422905 NA 50.579365 67.31518 46.11648 NA 72.521875 74.009505 48.719825 55.78606 NA 90.00151 89.629605 84.050995 50.57936 95.95202 75.86904 58.76132 57.27369 53.55462 55.04225 123.47315 53.18271 116.035 NA 89.2577 69.91853 59.50513 70.662345 NA 58.76132 NA 44.25694 59.50513 63.2242 82.56337 NA 181.49065 71.40616 73.6376 71.40616 NA 81.81955 118.26645 79.58811 68.058995 91.48914
"50" 49.79976 71.53057 53.42156 NA 66.550595 NA 54.779735 57.04337 48.441585 NA 76.05782 77.415995 47.98886 55.23246 NA 95.07228 86.92322 105.93768 48.89431 96.430455 76.96327 47.08341 63.38152 54.779735 51.61066 141.25024 57.94882 115.89763 NA 105.03223 71.53057 59.75972 66.550595 NA 57.04337 NA 42.55616 58.85427 57.496095 81.49052 NA 219.11896 70.172395 74.24692 67.90877 NA 74.24692 117.70853 89.63957 75.15237 81.49052
"51" 48.1636 71.59454 50.76703 NA 82.659145 NA 57.92649 65.08594 52.06875 NA 83.310005 74.84883 46.86188 54.67219 NA 82.00829 91.77118 89.16774 48.1636 93.723755 84.61172 59.87907 56.62477 53.37047 55.32305 121.05985 55.32305 114.55126 NA 92.42204 67.68938 70.29282 77.45227 NA 59.87907 NA 44.25844 58.57735 65.08594 100.23235 NA 190.05095 76.80141 78.10313 72.89625 NA 88.51688 117.15469 93.72376 68.9911 97.62891
"52" 56.528775 79.38083 52.43946 NA 95.7381 NA 56.288225 67.59398 53.6422 NA 82.507955 76.975355 46.66631 50.03398 NA 87.55947 104.638375 91.64878 49.07179 101.51125 81.30522 63.02357 63.985765 55.32604 58.21261 114.01974 53.40165 122.19838 NA 88.52166 62.54248 65.42905 84.91344 NA 54.36384 NA 43.29864 57.25042 63.745215 92.85152 NA 180.41099 79.38083 93.33262 83.2296 NA 99.10577 145.77208 84.67289 71.6833 105.84111
"53" 52.37226 72.51544 56.40089 NA 71.17256 NA 63.115285 66.696295 47.895995 NA 75.64882 76.544075 45.65787 59.08665 NA 94.89674 83.70609 99.82063 51.02938 99.373005 86.83947 53.71514 57.296145 52.81989 55.953265 164.72642 55.50564 112.80179 NA 100.26826 67.14392 68.03917 64.905795 NA 59.08665 NA 42.97211 60.87716 55.50564 80.57271 NA 253.3564 66.696295 69.82968 70.72493 NA 83.25846 136.07835 97.5825 68.4868 82.36321
"54" 61.73247 81.79552 55.55922 NA 73.307305 NA 57.874185 64.81909 45.527695 NA 74.07896 74.07896 47.071005 57.10253 NA 100.31526 84.88214 103.40188 52.4726 87.197105 77.16558 50.92928 58.64584 55.55922 49.38597 148.15792 58.64584 95.68532 NA 98.77194 72.53565 63.27578 67.134055 NA 50.92928 NA 44.75604 60.18915 61.73247 77.16558 NA 216.06363 69.44902 75.62227 69.44902 NA 80.2522 112.66175 74.07896 69.44902 77.16558
"55" 57.45863 76.87033 57.45863 NA 75.3174 NA 56.293935 61.34097 46.19985 NA 71.43506 72.211525 48.52925 57.45863 NA 86.18795 83.85855 117.24667 50.47042 88.51735 75.3174 47.36455 56.682165 56.68217 48.14102 129.67016 64.83508 100.94084 NA 86.96442 68.32919 62.11744 69.105655 NA 52.79983 NA 44.25868 59.01157 57.846865 89.29382 NA 199.55228 64.058615 72.21153 74.54093 NA 79.19974 110.25846 72.21153 72.21153 76.87033
"56" 58.778005 78.37067 56.42689 NA 76.80326 NA 56.426885 67.39878 47.80611 NA 76.80326 67.39878 46.238695 54.85947 NA 106.58412 84.64033 90.126275 51.72465 101.88188 90.90998 51.72465 55.64318 54.85947 58.778005 153.60652 54.85947 106.58412 NA 105.0167 67.39878 65.83137 74.45214 NA 57.9943 NA 43.88758 59.56171 61.12913 95.61222 NA 235.11202 75.23585 78.37067 76.80326 NA 79.93809 125.39308 86.20774 70.53361 84.64033
"57" 62.30959 71.43443 51.09908 NA 64.395265 NA 58.920365 57.87753 53.445465 NA 69.60946 73.5201 46.40631 56.31327 NA 99.59106 84.99132 94.11616 52.14192 86.29487 75.08436 43.79921 59.44179 56.31327 44.05992 136.61182 60.74533 85.51274 NA 104.80525 67.26307 57.35611 57.0954 NA 52.14192 NA 43.27779 60.48462 58.39895 77.69146 NA 207.00341 62.04888 75.08436 68.82733 NA 70.39159 119.92641 61.00604 73.5201 90.72694
"58" 60.53799 69.18627 51.8897 NA 69.18627 NA 51.8897 69.18627 43.24142 NA 73.51041 82.158695 51.8897 51.8897 NA 86.48284 86.48284 95.13112 51.8897 95.13112 86.48284 60.53799 60.53799 51.8897 60.53799 138.37254 51.8897 138.37254 NA 86.48284 69.18627 60.53799 77.83455 NA 60.53799 NA 43.24142 60.53799 60.53799 112.42769 NA 216.20709 69.18627 69.18627 77.83455 NA 77.83455 121.07597 77.83455 69.18627 95.13112
"59" 49.523765 72.49871 54.11876 NA 63.81929 NA 52.58709 57.692635 45.94989 NA 80.66758 69.94594 51.05543 59.2243 NA 93.94199 77.60425 97.515875 54.11876 96.494765 81.68869 44.92878 61.26652 53.09765 55.650415 181.75733 59.2243 108.23751 NA 109.25862 62.28763 57.18208 53.09765 NA 57.18208 NA 42.88656 59.2243 67.903725 90.87867 NA 286.93152 70.45649 71.4776 71.4776 NA 77.60425 120.49082 76.58315 70.967045 77.60425
"60" 59.92503 70.31203 59.12603 NA 69.51303 NA 61.52303 71.91003 52.73402 NA 77.50303 92.68404 54.33202 55.93002 NA 99.07604 85.49304 88.68904 49.53802 94.28204 84.69404 55.93002 62.32203 51.13602 55.93002 158.20207 59.12603 102.27204 NA 102.27204 70.31203 63.92003 68.71403 NA 67.11603 NA 46.34202 60.72403 59.12603 94.28204 NA 228.5141 75.90503 68.71403 62.32203 NA 67.11603 118.25205 86.29204 62.32203 87.89004
"61" 56.97586 66.96132 56.38848 NA 78.12154 NA 46.9904 61.08752 52.8642 NA 77.53416 71.66036 48.16516 54.03896 NA 92.80605 90.45653 106.31579 49.33992 99.85461 79.88368 43.46612 56.38848 53.45158 48.75254 160.94213 59.91276 98.67985 NA 105.72841 76.3594 59.91276 68.13608 NA 51.68944 NA 39.94184 57.56324 58.738 91.63129 NA 259.62197 71.07298 79.88368 63.43704 NA 72.83512 111.60221 81.05844 69.89822 79.88368
"62" 54.15198 70.07903 55.51715 NA 60.97786 NA 48.691275 58.702565 49.60139 NA 71.444205 75.084675 49.60139 54.60704 NA 92.83196 85.095965 92.376905 49.14633 101.02302 79.1802 50.05645 59.61268 51.87668 50.96657 148.34912 56.42727 115.58489 NA 99.20278 63.70821 63.70821 66.43856 NA 54.60704 NA 43.68563 59.15762 64.16327 96.47243 NA 232.07991 65.073385 70.07903 65.52844 NA 69.16891 120.13548 71.89926 71.899265 81.00044
"63" 55.272585 69.38474 59.97664 NA 74.676795 NA 57.62461 62.91667 54.096575 NA 82.32088 80.55686 49.39253 59.97664 NA 90.55297 87.02493 102.31309 50.56854 91.140975 82.32088 51.74455 55.27259 59.97664 55.27259 166.99378 56.4486 115.24923 NA 104.66512 70.56075 61.15265 69.972745 NA 62.32866 NA 45.86449 61.740655 62.91667 78.79284 NA 254.01871 72.324775 81.14487 67.03271 NA 78.79284 118.77727 74.08879 69.38474 84.6729
"64" 50.38699 75.72282 52.3797 NA 79.992905 NA 56.934455 61.204535 48.10961 NA 72.591425 75.43815 42.70084 55.79576 NA 85.40168 95.64988 87.394385 48.96363 94.51119 77.43086 48.96363 58.64249 54.65707 51.52568 121.27038 54.08773 112.16087 NA 107.60612 67.18265 63.19724 60.35052 NA 58.64249 NA 43.27018 58.07314 63.481915 83.1243 NA 192.43845 66.61331 81.41627 80.27758 NA 82.55496 119.56235 78.0002 70.59872 89.95643
"65" 58.7879 78.38387 56.5093 NA 85.67539 NA 55.14214 61.97794 49.6735 NA 77.47243 74.28239 49.6735 54.68642 NA 95.70124 98.43556 90.688315 48.30634 104.35992 82.02963 58.33218 59.24362 54.2307 55.59786 117.57581 56.5093 113.93004 NA 100.25844 70.18091 60.15506 63.3451 NA 54.68642 NA 42.8377 58.7879 61.0665 99.347 NA 181.37663 74.28239 80.20675 81.11819 NA 90.23259 113.93004 92.96692 68.81375 102.08132
"66" 61.1361 76.42012 61.1361 NA 61.1361 NA 61.1361 61.1361 61.1361 NA 76.42012 76.42012 45.85207 61.1361 NA 91.70414 76.42012 91.70414 45.85207 91.70414 76.42012 45.85207 53.494085 45.85207 45.85207 106.98817 61.1361 76.42012 NA 122.27219 76.42012 45.85207 61.1361 NA 45.85207 NA 45.85207 61.1361 76.42012 76.42012 NA 152.84024 61.1361 76.42012 76.42012 NA 76.42012 122.27219 45.85207 61.1361 76.42012
"67" 57.566365 72.83908 57.56637 NA 84.58731 NA 52.27966 64.61531 54.62931 NA 77.53837 75.188725 51.69225 56.39154 NA 85.76214 93.98591 88.6992 52.86707 98.6852 79.88802 44.6433 61.67825 55.21672 52.86707 109.25861 57.56637 106.90897 NA 106.90897 72.83908 65.79013 68.72719 NA 62.26566 NA 44.05589 61.09084 65.790135 97.51038 NA 155.07674 69.3146 78.7132 72.83908 NA 91.63626 110.43344 76.36355 66.964955 91.63626
"68" 53.406495 72.23325 62.24354 NA 69.15949 NA 48.79586 66.85417 57.24869 NA 77.2281 79.53341 51.4854 57.63291 NA 92.98109 83.75983 78.38076 51.4854 92.98109 76.45966 48.41164 65.317295 52.25384 59.16979 121.41333 60.70666 124.48708 NA 91.44422 72.23325 66.08574 65.3173 NA 56.86447 NA 45.33789 61.4751 64.16464 89.1389 NA 192.1097 68.77527 69.92793 78.38076 NA 83.75983 136.7821 66.85417 65.3173 73.00168
"69" 56.79281 70.70126 60.26992 NA 64.90607 NA 69.54222 61.42896 50.41811 NA 77.65548 69.54222 52.15666 57.95185 NA 92.72296 79.97355 92.14344 50.99763 82.29163 77.65548 55.63377 52.73618 54.47474 49.259075 161.10614 57.37233 97.35911 NA 105.47236 67.22414 60.26992 53.3157 NA 56.79281 NA 46.36148 60.26992 64.326555 73.01933 NA 260.78332 64.90607 73.01933 61.42896 NA 68.38318 104.31333 60.26992 70.12174 79.97355
"70" 57.47425 76.04286 55.70581 NA 68.9691 NA 57.916365 58.80058 45.09518 NA 74.71653 79.579735 40.67409 57.47425 NA 84.88505 82.23239 97.26412 51.28472 88.42193 76.92708 48.63206 56.59003 54.379485 48.18995 148.54884 57.91636 127.32757 NA 99.03256 75.15864 64.54801 62.77957 NA 63.66379 NA 44.21096 60.12691 54.82159 77.8113 NA 226.36013 61.89535 73.3902 64.54801 NA 76.04286 98.14834 76.04286 70.29543 83.11661
"71" 49.40381 74.57179 50.33596 NA 68.046755 NA 47.539515 62.453875 42.87878 NA 72.70749 69.91105 46.60737 57.79314 NA 95.07903 84.82541 95.07903 54.06455 99.739765 87.62185 57.79314 61.52173 55.92884 52.20025 162.19364 55.92884 121.17916 NA 104.4005 74.57179 61.52173 78.30038 NA 57.79314 NA 44.74307 61.52173 58.725285 102.53621 NA 231.17254 72.70749 70.8432 65.25031 NA 83.89326 119.31486 78.30038 74.57179 91.35044
"72" 50.32446 69.58444 50.94575 NA 75.79734 NA 65.8567 58.40123 50.94575 NA 77.03992 72.69089 42.2477 54.67349 NA 95.67861 89.46571 98.78505 49.70317 96.92118 82.01023 54.67349 52.80962 53.43091 51.56704 136.68372 58.40123 114.31729 NA 96.92118 65.8567 63.37154 58.40123 NA 59.64381 NA 42.2477 59.64381 60.88639 88.22313 NA 229.87717 67.09928 79.52507 64.61412 NA 89.46571 119.28761 83.25281 67.09928 83.25281
"73" 57.62725 75.00689 56.71253 NA 71.34802 NA 50.3095 60.3714 45.73591 NA 75.92161 75.00689 52.13894 60.3714 NA 95.13069 75.00689 84.15408 49.39478 91.47182 75.00689 56.71253 55.79781 53.05366 53.968375 160.99041 60.3714 100.619 NA 89.64238 73.17746 64.03027 65.85971 NA 64.03027 NA 45.73591 62.20084 59.456685 78.66577 NA 278.07434 67.68915 64.03027 64.03027 NA 75.00689 98.78957 69.51858 64.03027 75.00689
"74" 59.24607 77.52411 54.83413 NA 72.481895 NA 57.985515 57.0401 45.37997 NA 75.94842 76.26356 46.01025 55.46441 NA 79.41495 98.638405 103.99576 49.16163 93.28105 76.26356 63.02774 47.90108 56.72496 49.16163 119.12242 57.35524 110.29854 NA 100.2141 66.8094 59.24607 57.670375 NA 55.46441 NA 43.48914 58.61579 66.49426 95.80216 NA 185.30154 66.17912 75.63328 71.85162 NA 85.71772 115.97103 68.70023 75.633285 79.41495
"75" 57.596555 74.83348 56.33532 NA 69.36812 NA 57.59656 61.800685 51.71078 NA 76.51514 73.99266 44.984175 57.17615 NA 83.24174 84.08257 100.05825 48.76789 89.547935 73.572245 51.29037 53.81284 51.29037 53.39243 105.94403 63.06193 85.76422 NA 76.51514 66.42523 62.2211 63.061925 NA 59.69862 NA 42.88211 58.01697 56.75573 90.80917 NA 167.32431 63.902755 69.78853 63.90275 NA 79.03761 100.89908 67.26605 71.890595 69.78853
"76" 53.302135 74.62299 54.36818 NA 77.82112 NA 52.2361 57.03329 53.302135 NA 78.88716 75.689035 50.63703 60.76444 NA 93.81176 89.01457 100.20802 52.2361 94.87781 78.88716 42.64171 56.50027 59.69839 49.57099 153.51016 55.967245 103.40615 NA 94.87781 70.35882 59.69839 57.03329 NA 56.50027 NA 45.83984 60.76444 65.56163 84.21738 NA 231.33128 64.49559 78.88716 66.09465 NA 74.62299 119.39679 70.35882 75.68904 81.01925
"77" 50.6639 73.34202 53.07646 NA 72.377 NA 55.48903 54.524005 55.48903 NA 77.20213 68.034375 48.25133 58.86662 NA 96.50266 88.78245 100.36277 52.11144 93.125065 78.16715 55.00652 52.111435 55.97154 47.768815 124.48843 60.79668 97.46769 NA 104.22287 70.44694 58.86662 58.866625 NA 56.93657 NA 43.4262 59.83165 58.38411 96.50266 NA 185.28511 67.55186 77.20213 63.69176 NA 84.92234 108.08298 70.44694 68.51689 92.64255
"78" 53.693315 73.91547 62.75842 NA 63.455735 NA 48.812105 62.75842 49.509425 NA 80.191315 78.796685 48.11479 59.96916 NA 100.41347 82.98058 94.83495 52.996 99.01884 87.86179 47.41747 62.758425 55.78526 55.087945 153.40948 61.36379 105.992 NA 100.41347 69.73158 61.36379 72.520845 NA 62.75842 NA 43.23358 59.96916 66.94232 97.62421 NA 227.32495 72.52084 72.52084 68.33695 NA 79.494 153.40948 78.09937 71.12621 79.494
"79" 53.25907 66.19341 63.15004 NA 68.47594 NA 55.922025 61.62835 41.84641 NA 78.36691 87.11662 46.41147 57.06329 NA 94.34463 76.464805 78.366915 52.49822 97.76843 87.11662 47.93316 56.682865 49.83527 56.30244 171.9507 56.682865 109.56151 NA 100.43138 73.80185 66.19341 62.00877 NA 57.82413 NA 44.509365 60.10666 65.81299 80.64945 NA 262.49112 69.99763 70.75848 65.43257 NA 65.43257 114.88742 81.41029 65.43257 87.49704
"80" 63.13633 75.04884 55.98882 NA 69.092585 NA 55.98882 58.966945 47.054435 NA 72.66634 76.24009 47.65006 63.13633 NA 94.10887 88.15261 98.87387 52.41506 93.51324 79.218225 44.0763 58.966945 58.37132 54.201945 142.95017 54.79757 110.78639 NA 103.63888 70.28384 59.56257 66.71008 NA 54.79757 NA 46.45881 61.94508 70.28384 102.44763 NA 208.469 69.09258 75.04884 73.85759 NA 77.43134 108.40388 73.85759 73.85759 84.57885
"81" 56.875155 72.16418 53.81735 NA 86.230075 NA 60.54452 60.54452 51.37111 NA 77.05666 75.83354 50.75955 59.93296 NA 84.39539 87.4532 91.12256 51.37111 94.18037 81.33759 45.2555 57.48672 55.04047 57.48672 147.99772 56.26359 90.511 NA 88.06476 66.04857 59.93296 66.66013 NA 62.3792 NA 45.2555 61.15608 59.3214 91.73412 NA 221.38501 70.941055 77.05666 75.83354 NA 79.50291 121.08904 64.82545 71.552615 81.94915
"82" 62.74785 69.87829 54.19133 NA 74.156555 NA 60.60872 59.89568 54.19133 NA 72.730465 76.295685 46.347845 58.46959 NA 84.13917 81.28699 106.95657 49.91307 91.2696 77.00873 47.06089 53.478285 54.19133 48.48698 149.7392 56.33046 102.67831 NA 86.99134 67.02612 64.17394 57.756545 NA 61.32177 NA 44.20871 59.89568 57.756545 84.13917 NA 235.30445 65.60003 72.73047 64.17394 NA 77.00873 111.23483 86.99134 74.15655 78.43482
"83" 62.97888 70.47637 59.97989 NA 72.725615 NA 57.73064 62.978885 56.980895 NA 78.723605 80.2231 54.73165 61.47939 NA 85.47134 82.47235 90.71958 53.9819 88.47033 79.47335 47.98391 52.4824 55.4814 56.98089 163.44519 62.229135 98.96681 NA 92.96883 73.47536 68.97687 56.98089 NA 62.97888 NA 46.48441 62.97888 65.22813 70.47637 NA 245.91754 74.97486 71.97587 70.47637 NA 80.97285 109.4633 70.47637 65.97788 88.47033
"84" 52.85224 71.64414 52.85224 NA 70.46965 NA 51.090495 61.07369 35.82207 NA 76.34212 71.056895 43.45628 58.72471 NA 101.00649 81.04009 90.43605 51.67774 92.78504 77.51661 54.02673 59.8992 53.439485 51.67774 151.50974 55.20122 122.14739 NA 98.65751 66.94616 58.72471 74.580375 NA 55.20122 NA 43.45628 59.8992 56.962965 83.38908 NA 218.45591 63.422685 68.12066 73.99313 NA 72.81864 113.92593 79.8656 72.23139 85.73807
"85" 57.62056 73.64521 48.41491 NA 71.94046 NA 55.57486 63.75766 46.71015 NA 72.28141 69.21286 45.0054 52.50631 NA 89.32891 96.48886 106.03546 51.82441 101.26216 84.21466 54.55201 56.25676 59.32531 55.91581 137.74381 61.03006 122.74201 NA 96.14791 66.82621 62.73481 63.07576 NA 56.59771 NA 42.2778 58.64341 61.37101 91.37461 NA 210.02522 71.59951 80.46421 66.14431 NA 91.37461 122.06011 83.87371 72.96331 88.64701
"86" 58.20173 71.67701 52.18086 NA 77.41117 NA 53.6144 59.92198 44.726455 NA 74.8308 75.97763 41.572665 56.76819 NA 92.89341 92.89341 104.36173 47.59354 95.18707 73.97067 50.46062 45.58658 57.34161 50.46062 116.97688 58.48844 116.97688 NA 90.02633 65.94285 57.91502 60.495395 NA 54.47453 NA 43.57962 59.06186 60.78211 89.45291 NA 175.46532 66.51627 77.41117 71.10359 NA 90.59974 111.24272 86.01241 73.97067 76.83776
"87" 56.93361 78.28372 49.16994 NA 90.5762 NA 61.46242 59.84499 53.051775 NA 74.40188 70.196555 45.93507 56.93361 NA 84.75345 93.16409 104.809605 48.52296 99.957305 76.666285 54.34572 49.493425 56.28664 57.90407 115.80814 57.257095 114.5142 NA 80.87161 67.28518 59.5215 65.34426 NA 53.69875 NA 43.34718 59.5215 58.87453 95.75198 NA 177.91754 69.2261 76.98977 70.52004 NA 93.16409 119.68998 87.34134 69.87307 80.22463
"88" 50.82957 73.02277 52.9773 NA 77.31822 NA 58.70458 62.28412 55.84094 NA 79.46595 78.03413 41.52275 57.27276 NA 90.20459 87.34096 100.943235 52.9773 90.20459 81.61368 51.54548 53.69321 52.26139 49.39775 130.29552 57.27276 98.79551 NA 101.65914 67.29549 58.70458 57.98867 NA 58.70458 NA 44.38639 58.70458 56.55685 84.47732 NA 200.45465 66.57958 78.75004 64.43185 NA 87.34096 103.09096 90.20459 70.87504 81.61368
"89" 54.46626 68.08283 57.49216 NA 68.461065 NA 59.005115 57.8704 44.25384 NA 68.461065 73.756395 46.14503 54.46626 NA 90.02063 79.42996 88.88591 49.92741 91.911815 77.91701 55.97921 48.41445 53.70978 53.331545 145.24336 56.73569 105.15014 NA 98.34186 65.8134 62.78749 57.8704 NA 59.76159 NA 45.38855 59.00512 59.383355 74.13463 NA 233.75104 72.24344 77.91701 65.05692 NA 68.08283 114.22785 80.18644 66.94811 82.45587
"90" 57.61536 73.45116 57.27843 NA 59.300015 NA 54.58297 59.97388 41.442625 NA 67.723315 69.071045 46.496605 54.58297 NA 88.27616 85.58071 100.06878 50.53979 92.31935 77.49434 48.5182 53.572175 53.90911 54.58297 149.59777 54.24604 109.83981 NA 99.05798 63.3432 61.32161 57.95229 NA 61.32161 NA 44.13808 58.28922 57.61536 83.55912 NA 250.00348 67.723315 69.40798 64.01706 NA 79.51593 130.05572 77.49434 67.049455 84.23298
"91" 57.397685 71.0638 55.75775 NA 63.957425 NA 69.97052 59.03762 49.19802 NA 72.15709 75.43696 47.558085 60.13091 NA 89.64972 84.729925 102.22255 52.47789 84.18328 72.15709 48.10473 56.304395 55.75775 53.024535 136.66116 61.2242 98.39604 NA 94.02288 65.59736 61.2242 55.21111 NA 50.29131 NA 45.371505 61.2242 58.490975 64.50407 NA 184.76589 65.050715 69.97052 66.69065 NA 72.15709 88.55643 71.0638 72.15709 84.18328
"92" 53.85222 72.92488 57.21798 NA 76.851605 NA 56.65702 59.461825 56.09606 NA 77.41256 66.75431 54.41318 61.70567 NA 85.26601 85.82697 97.60715 50.48646 95.924265 78.53449 45.99877 54.97414 52.7303 54.97414 145.84976 56.65702 100.97291 NA 103.21675 68.43719 59.46182 66.19335 NA 57.21798 NA 45.99877 60.58375 62.82759 77.41256 NA 214.28695 67.31527 70.68104 67.31527 NA 79.65641 126.7771 72.92488 72.36392 78.53449
"93" 50.91381 70.70128 54.69344 NA 68.25563 NA 52.91479 64.69834 47.13418 NA 73.81391 67.81097 51.35847 53.80411 NA 89.82175 95.60235 99.82664 47.13418 101.38296 80.26151 45.35553 63.14202 56.69442 53.80411 120.05877 54.69344 119.61411 NA 106.27424 68.0333 60.02938 75.147895 NA 59.14006 NA 41.35358 58.6954 57.583745 101.38296 NA 185.4241 69.58962 80.9285 68.47796 NA 81.81783 104.94026 83.59648 72.702255 84.4858
"94" 51.60917 73.72739 50.68758 NA 67.73704 NA 57.138725 57.13873 48.3836 NA 79.25695 73.72739 46.07962 53.45236 NA 86.62969 92.620035 101.375165 50.68758 94.00242 81.10013 46.07962 55.295545 57.13873 48.8444 126.25816 59.90351 105.98313 NA 91.23765 67.27624 56.21714 62.20749 NA 53.45236 NA 44.23644 58.98191 61.285895 107.82631 NA 202.75033 71.88421 74.64898 64.51147 NA 92.15924 113.35586 82.02172 75.10978 91.23765
"95" 55.444055 71.75113 53.36861 NA 72.9371 NA 58.11249 63.152855 48.031745 NA 73.82658 82.128365 47.142275 56.33353 NA 88.94768 83.01784 86.57575 50.40369 93.39507 76.198515 50.99667 59.001965 54.85107 49.21772 133.42153 55.14756 99.62141 NA 106.14424 69.37919 65.2283 68.48972 NA 55.74055 NA 45.65981 60.48443 61.3739 101.99334 NA 198.64983 71.751135 72.9371 70.56516 NA 77.68098 113.26005 78.27396 70.56516 85.38978
"96" 58.67484 76.01058 52.00724 NA 64.67567 NA 47.67331 57.00794 43.67275 NA 80.6779 74.01031 48.340065 55.34104 NA 88.67902 91.67943 92.01281 52.00724 99.68055 79.67776 48.00669 56.67456 53.00738 52.674 104.01448 56.67456 94.67985 NA 114.01588 70.67651 62.67539 68.00947 NA 57.34132 NA 43.33937 60.00836 66.34257 90.01253 NA 158.022 66.67595 74.01031 76.67734 NA 72.67679 114.01588 92.01281 70.00975 80.6779
"97" 53.978125 74.45259 59.56207 NA 97.53289 NA 53.2336 67.379595 52.861335 NA 75.94164 73.3358 48.766445 54.35039 NA 101.25552 82.64237 74.080325 53.60586 106.4672 88.970845 61.05112 65.51828 52.86134 55.46718 151.13875 53.978125 122.84677 NA 85.62048 74.45259 63.2847 75.56938 NA 61.05112 NA 46.1606 60.3066 59.56207 93.81026 NA 230.0585 74.452585 76.68617 77.43069 NA 102.00005 136.99276 90.83216 62.54017 92.32121
"98" 55.4087 70.52016 61.78909 NA 70.52016 NA 53.393835 59.77423 58.095175 NA 79.92285 66.490435 44.99858 58.43099 NA 89.99716 76.900555 84.28838 50.37154 98.72822 80.93028 57.75937 54.73708 53.05802 58.43099 165.89028 53.393835 125.59305 NA 96.04174 69.17692 59.77423 61.78909 NA 65.81882 NA 47.01344 61.11747 65.81882 76.56474 NA 259.91716 67.83368 73.20664 67.16206 NA 77.90799 110.14577 61.11747 69.51273 80.59447
"99" 65.38586 82.15147 62.03274 NA 78.79835 NA 62.87102 60.77532 58.67962 NA 77.12179 79.63663 47.78198 63.7093 NA 103.10848 80.89405 98.07879 54.48822 80.05577 70.41554 50.29682 57.84134 57.00306 47.78198 171.84746 64.54758 101.43192 NA 93.04911 72.93039 61.19446 61.19446 NA 56.16478 NA 49.45854 64.54758 58.67962 65.38586 NA 273.27938 68.73898 71.25383 79.63663 NA 77.12179 104.78504 77.12179 67.48156 77.12179
"100" 62.79287 75.35144 61.74632 NA 61.74632 NA 56.51358 63.31614 45.00155 NA 83.200545 67.50233 44.47828 60.69977 NA 87.91001 90.00311 106.224595 53.37394 85.293645 79.53763 43.95501 57.036855 57.036855 52.850665 136.05121 58.60667 91.04966 NA 95.23585 70.1187 61.74632 63.839415 NA 56.51358 NA 43.95501 60.69977 58.60667 102.56168 NA 209.30955 71.16525 81.63073 59.65322 NA 74.30489 119.30645 73.25834 73.25834 77.44453
"101" 54.71531 75.09944 61.15241 NA 68.66235 NA 51.49676 63.2981 50.692125 NA 75.90408 80.731905 46.40073 59.00671 NA 96.55643 82.60939 79.39084 49.35106 87.705425 80.46369 49.35106 64.90738 53.64246 50.42391 144.83464 54.17889 111.03989 NA 96.55643 67.05308 60.61598 72.417325 NA 56.32458 NA 45.59609 60.61598 63.2981 93.33788 NA 212.96057 67.5895 71.34447 67.05308 NA 76.70872 118.01341 73.49017 66.51665 79.92727
"102" 51.38754 71.22133 51.38754 NA 62.656735 NA 54.542915 57.69829 49.1337 NA 70.31979 74.3767 43.724485 54.09215 NA 87.44897 88.35051 95.562795 49.58447 97.81663 82.03976 50.486 59.050595 51.38754 49.584465 139.73805 54.542915 121.70733 NA 116.29812 73.92593 59.50136 67.164415 NA 54.99368 NA 41.47065 57.69829 64.45981 100.97201 NA 210.95937 64.00904 70.31979 69.41826 NA 79.33515 137.93497 70.31979 65.361345 93.75972
"103" 55.62717 72.44469 58.21448 NA 67.27007 NA 54.333515 58.21448 50.45255 NA 78.26614 65.976415 43.98428 56.92083 NA 89.26221 85.38124 105.4329 50.45255 89.26221 77.61931 42.69062 56.274 56.92083 47.86524 139.71476 58.21448 103.49242 NA 102.19876 72.44469 59.50814 57.567655 NA 53.03986 NA 42.69062 59.50814 58.86131 75.032 NA 226.38966 61.44862 71.15104 64.68276 NA 69.85738 107.37338 65.97642 70.50421 78.91297
"104" 58.96234 83.31635 60.24413 NA 62.80771 NA 55.11697 57.039655 44.86265 NA 77.548295 80.75277 43.58086 58.96234 NA 87.16172 82.03456 101.26141 49.98981 92.28888 78.18919 46.14444 51.912495 53.83518 49.348915 152.53301 58.321445 115.3611 NA 105.10678 67.93487 61.52592 71.139345 NA 58.96234 NA 44.86265 58.96234 66.012185 88.44351 NA 237.13115 69.21666 74.34382 62.80771 NA 75.62561 121.77005 64.0895 69.21666 76.9074
"105" 60.68917 76.75395 62.47414 NA 83.89385 NA 42.839415 67.82907 57.11922 NA 78.53893 74.076485 51.76429 58.90419 NA 89.24878 85.67883 80.3239 53.54927 99.95863 87.4638 48.19434 59.79668 53.54927 59.79668 157.07785 57.11922 98.17366 NA 91.03375 71.39902 60.68917 76.75395 NA 62.47414 NA 44.62439 60.68917 66.0441 83.89385 NA 249.89658 73.184 76.75395 69.61405 NA 85.67883 98.17366 80.3239 62.47414 85.67883
"106" 55.70472 67.26608 49.04818 NA 78.827435 NA 52.901965 59.20816 47.29646 NA 80.22881 76.02468 46.946115 56.05506 NA 93.89223 83.031565 100.899115 50.44956 85.834315 77.07571 46.94612 54.65369 55.70472 54.65369 157.65487 54.65369 84.08259 NA 91.79017 68.66745 59.5585 72.521235 NA 54.65369 NA 44.14336 58.15713 58.50747 79.17778 NA 257.85329 65.8647 70.76952 69.36814 NA 77.7764 107.20531 66.56539 69.718485 77.7764
"107" 49.49095 78.36068 55.67732 NA 65.98794 NA 58.77051 59.80157 55.67732 NA 80.4228 68.05006 46.39777 57.73945 NA 92.79554 80.4228 90.73341 53.6152 98.98191 84.54705 47.42883 67.019 53.6152 53.6152 164.96984 59.80157 121.66526 NA 86.60917 74.23643 59.80157 63.92581 NA 57.73945 NA 45.36671 61.86369 60.83263 88.67129 NA 268.076 70.11218 68.05006 61.86369 NA 76.29855 121.66526 78.36068 64.956875 98.98191
"108" 55.45316 76.98203 56.10555 NA 65.8914 NA 60.01989 56.75794 49.58165 NA 75.02486 76.98203 44.36253 58.71511 NA 84.81071 86.11549 94.59656 50.88643 83.50593 75.67725 49.58165 56.75794 54.80077 50.23404 137.00192 54.80077 87.42027 NA 97.85851 67.84857 62.62945 67.84857 NA 56.10555 NA 45.66731 61.32467 55.45316 90.02983 NA 212.67917 67.19618 73.06769 66.54379 NA 76.98203 110.90632 69.15335 68.50096 74.37247
"109" 53.22314 71.31901 58.54546 NA 77.17356 NA 54.287605 59.60992 54.28761 NA 73.44794 65.464465 46.836365 58.54546 NA 89.41488 82.49587 92.60827 51.09422 81.96364 78.77025 43.64298 53.223145 55.35207 51.62645 154.34711 59.60992 103.2529 NA 92.60827 69.19009 53.22314 62.80331 NA 56.41653 NA 44.70744 59.60992 58.013225 80.89918 NA 228.85951 71.31901 73.44794 58.54546 NA 71.31901 116.02645 78.77025 64.93223 80.89918
"110" 53.80468 82.53533 58.50606 NA 68.953575 NA 56.93893 62.685065 48.580925 NA 72.87139 74.177325 50.148055 59.02844 NA 79.92346 90.10978 94.027595 46.49142 91.676905 77.57277 48.58092 54.06587 55.11062 56.677745 132.16101 55.632995 135.81764 NA 91.41572 65.81932 59.55081 71.043075 NA 55.89418 NA 46.49142 60.59556 66.34169 100.81848 NA 204.24884 70.25951 74.6997 72.6102 NA 80.96821 106.04223 72.08782 72.08782 77.83396
