"V1" "V2" "V3" "V4" "V5" "V6" "V7" "V8" "V9" "V10" "V11" "V12" "V13" "V14" "V15" "V16" "V17" "V18" "V19" "V20" "V21" "V22" "V23" "V24" "V25" "V26" "V27" "V28" "V29" "V30" "V31" "V32" "V33" "V34" "V35" "V36" "V37" "V38" "V39" "V40" "V41" "V42" "V43" "V44" "V45" "V46" "V47" "V48" "V49" "V50" "V51"
"1" 61.115 62.3373 61.115 NA 84.33871 NA NA 63.5596 NA NA 69.05996 79.44951 50.1143 55.0035 NA 99.00631 67.22651 63.5596 57.4481 112.45161 95.33941 59.8927 85.56101 48.892 64.7819 133.23071 57.4481 116.11851 NA 84.94986 75.17146 77.00491 89.22791 NA 59.8927 NA 50.1143 61.115 70.89341 113.06276 NA 174.78891 69.67111 72.11571 86.78331 NA 80.06066 117.34081 95.33941 64.17075 91.67251
"2" 63.24226 80.6884 61.06149 NA 79.59802 NA NA 68.69418 NA NA 75.781675 76.32687 48.52208 56.69996 NA 92.68262 75.781675 74.1461 62.15188 115.58068 93.77301 57.79034 78.50764 53.42881 65.42303 131.93644 61.06149 136.297975 NA 116.67107 73.60091 73.05572 82.86917 NA 64.33265 NA 50.15766 63.24226 68.69418 133.57202 NA 183.18448 76.32687 79.59802 80.6884 NA 88.86628 152.653735 102.49608 69.78456 98.679735
"3" 62.49469 77.6961 59.1166 NA 98.809165 NA NA 73.473485 NA NA 72.62896 87.83037 54.04946 55.7385 NA 97.96464 88.674895 76.00705 54.04946 118.23319 91.20846 64.18373 74.31801 52.36041 59.1166 126.67842 60.80564 119.92224 NA 96.2756 76.00705 77.6961 91.20846 NA 64.18373 NA 48.98232 62.49469 79.38514 99.65369 NA 189.17311 77.6961 78.54062 87.83037 NA 104.72083 137.657215 84.452275 67.56182 96.275595
"4" 61.81482 58.17865 65.45099 NA 64.541945 NA NA 68.17811 NA NA 61.81482 85.4499 50.90632 57.26961 NA 105.44881 65.45099 67.26907 52.72441 98.17648 89.08607 72.72332 72.72332 49.08824 61.81482 149.0828 58.17865 110.90306 NA 98.17648 74.5414 78.17757 92.72223 NA 63.6329 NA 50.90632 61.81482 69.08715 119.993475 NA 233.62366 74.5414 73.63236 74.5414 NA 72.72332 129.08389 79.08661 61.81482 87.267985
"5" 62.11574 69.12881 60.11201 NA 68.126945 NA NA 73.13628 NA NA 78.14561 81.15121 54.100805 57.10641 NA 92.17175 66.12321 62.11574 57.10641 106.19788 97.682015 61.11388 71.13254 47.08774 69.12881 172.32109 58.10827 110.20535 NA 103.693215 70.63161 82.15308 87.16241 NA 66.12321 NA 52.09707 63.11761 68.12694 108.201615 NA 255.97697 78.14561 69.12881 85.15868 NA 83.655875 131.24455 86.160545 61.61481 90.168015
"6" 56.25535 63.51411 59.88473 NA 83.47569 NA NA 67.14349 NA NA 68.050835 92.54913 52.62598 54.44067 NA 105.25195 90.73444 87.10507 52.62598 116.14009 93.456475 56.25535 70.77287 54.44067 63.51411 136.10166 59.88473 146.082455 NA 96.17851 76.21693 68.95818 85.29038 NA 59.88473 NA 48.9966 61.69942 70.77287 101.62258 NA 205.967185 79.84631 74.40224 76.21693 NA 86.197725 131.564945 99.80789 70.77287 116.14009
"7" 61.73341 76.69908 59.8627 NA 88.858695 NA NA 69.21625 NA NA 78.56979 87.92334 50.50915 54.25057 NA 101.0183 76.69908 67.34554 59.8627 114.11327 87.92334 56.12128 74.82837 50.50915 65.47483 117.85469 57.99199 119.7254 NA 98.21224 80.4405 72.95766 84.18192 NA 57.99199 NA 48.63844 61.73341 69.21625 106.63043 NA 170.23455 76.69908 79.505145 84.18192 NA 101.0183 130.94965 100.082945 61.73341 87.92334
"8" 60.20268 73.58106 66.89187 NA 77.7618 NA NA 73.58106 NA NA 72.74491 83.61484 54.349645 60.20268 NA 98.66551 77.7618 71.90876 60.20268 107.02699 91.97632 71.90876 81.94254 53.5135 66.89187 165.55738 61.87498 120.40536 NA 86.95943 81.106395 85.28713 90.30402 NA 63.54728 NA 51.8412 65.21957 75.25335 91.14017 NA 244.15532 73.58106 70.23646 71.90876 NA 78.59795 123.74996 69.400315 70.23646 93.64862
"9" 64.8971 76.48587 62.57935 NA 84.01857 NA NA 71.85037 NA NA 76.48587 78.80363 50.990585 56.78497 NA 95.0279 83.43913 86.91577 57.94384 112.41106 85.75689 53.30834 79.9625 55.62609 60.2616 114.72881 64.8971 120.523195 NA 102.5606 79.9625 73.00924 71.85037 NA 60.2616 NA 47.51395 61.42047 69.53261 106.037235 NA 157.60725 73.00924 80.54194 76.48587 NA 89.812955 123.42039 79.383065 74.74756 83.43913
"10" 61.14322 62.56516 61.14322 NA 78.91741 NA NA 72.5187 NA NA 78.20644 82.47225 51.90064 54.03354 NA 103.80128 76.78451 63.98709 56.87741 116.5987 103.80128 59.72129 78.20644 49.76774 65.40903 166.36644 59.72129 137.92773 NA 101.66838 83.18322 81.05032 83.89419 NA 65.40903 NA 46.92387 62.56516 81.05032 105.223215 NA 263.76901 79.62838 71.807735 75.36257 NA 80.33935 137.216765 73.22967 63.98709 107.35612
"11" 63.29485 75.35101 55.75975 NA 85.90015 NA NA 70.07644 NA NA 76.10452 73.84399 55.75975 57.26677 NA 94.94227 78.36505 82.88611 55.75975 103.98439 91.92823 49.73167 72.33697 55.75975 63.29485 161.25116 60.28081 157.48361 NA 94.94227 73.84399 84.39313 81.37909 NA 55.75975 NA 46.71763 60.28081 63.29485 110.76598 NA 245.64429 76.85803 73.84399 69.32293 NA 83.63962 115.28704 85.14664 69.32293 98.70982
"12" 65.65433 69.84503 55.87602 NA 88.004735 NA NA 81.02023 NA NA 76.13108 83.81403 53.08222 54.47912 NA 94.98924 75.43263 65.65433 60.06672 120.13345 99.17994 64.25743 75.43263 51.68532 67.05123 136.89625 61.46362 126.4195 NA 90.10009 79.62333 75.43263 86.60783 NA 67.05123 NA 50.28842 62.86053 72.63883 117.33965 NA 199.75678 81.02023 77.52798 88.00474 NA 97.78304 136.896255 106.16444 65.65433 107.56134
"13" 65.51168 77.90578 65.51168 NA 90.299885 NA NA 68.16756 NA NA 77.90578 76.1352 52.232285 58.42934 NA 102.69399 72.59403 65.51168 58.42934 120.39985 97.38223 79.67637 76.1352 51.34699 67.28227 139.87629 60.19992 123.055725 NA 97.38223 73.47932 72.59403 88.5293 NA 61.97051 NA 53.11758 63.7411 67.28227 113.3175 NA 191.22329 81.44696 74.36461 84.98813 NA 98.267525 135.44983 101.808695 66.396975 94.72635
"14" 63.46139 66.2819 54.99987 NA 79.679305 NA NA 70.51266 NA NA 73.33316 71.92291 43.71785 54.99987 NA 102.94848 74.74342 69.1024 60.64088 111.41 93.07671 57.82038 71.92291 49.35886 66.2819 135.3843 60.64088 111.41 NA 110.70487 71.92291 74.74342 76.15367 NA 52.17937 NA 46.53835 60.64088 63.46139 104.35873 NA 197.435435 71.92291 69.1024 80.38443 NA 88.14082 95.897215 95.89721 69.1024 89.55107
"15" 58.87079 75.56549 54.47744 NA 83.91284 NA NA 68.97547 NA NA 80.398165 67.65747 57.99212 55.795445 NA 91.38152 99.28954 120.37758 59.74946 126.52826 93.13886 45.69076 79.08016 59.74946 59.74946 130.9216 72.05081 124.331585 NA 125.210255 87.866845 74.68682 69.41481 NA 57.11345 NA 46.56943 63.26413 63.26413 121.695585 NA 202.09374 74.68682 86.548845 85.23084 NA 104.122215 125.210255 87.42751 76.004825 106.758215
"16" 51.34265 66.01198 61.1222 NA 91.683305 NA NA 66.01198 NA NA 69.67931 80.68131 48.89776 56.23243 NA 114.90974 80.68131 70.90175 61.1222 127.13418 100.24041 63.56709 78.23642 51.34265 70.90175 173.58705 61.1222 146.693285 NA 99.017965 88.01597 80.68131 88.01597 NA 66.01198 NA 48.89776 63.56709 78.23642 119.79952 NA 255.490805 75.79153 68.45687 85.57108 NA 84.34864 138.136175 96.57308 63.56709 110.01996
"17" 60.33355 63.68541 61.45083 NA 83.79659 NA NA 67.595915 NA NA 73.741 78.21015 51.39524 55.86439 NA 97.20405 69.27185 67.03727 61.45083 113.96336 90.50032 58.09897 80.44473 50.27795 63.68541 166.4759 59.21626 129.6054 NA 102.790485 71.50642 71.50642 91.61761 NA 63.68541 NA 49.16067 61.45083 68.15456 108.93557 NA 266.47316 74.85829 68.713205 79.32744 NA 91.058965 117.87387 88.265745 62.56812 88.824385
"18" 57.69622 69.84279 60.73286 NA 81.98936 NA NA 74.39776 NA NA 68.32447 77.4344 49.34545 54.65958 NA 110.83747 74.39776 65.28783 59.21454 130.57565 97.17258 65.28783 72.87943 51.62293 62.25118 167.01537 60.73286 121.465725 NA 95.654255 74.39776 80.47104 95.65426 NA 69.84279 NA 48.58629 63.76951 74.39776 122.224885 NA 257.355505 74.39776 75.15692 71.36111 NA 97.93174 134.37146 106.28251 63.010345 95.65426
"19" 48.64768 69.49668 60.23045 NA 75.28807 NA NA 64.86357 NA NA 69.49668 83.39601 47.4894 55.59734 NA 106.56157 71.81323 69.49668 57.9139 120.46091 94.97879 53.28079 74.12979 48.64768 71.81323 169.10858 55.59734 137.83508 NA 105.403295 74.12979 74.12979 85.71257 NA 67.18012 NA 46.33112 60.23045 74.12979 123.93574 NA 267.56221 76.44635 68.3384 62.54701 NA 86.87085 100.770185 81.07946 63.70529 100.770185
"20" 57.91682 74.84635 56.13476 NA 85.538685 NA NA 66.8271 NA NA 71.28224 70.39121 48.11551 53.46168 NA 99.79513 83.311115 73.06429 53.46168 114.94261 91.77588 63.26299 88.21177 51.67962 61.48093 124.74392 60.5899 114.94261 NA 106.03233 71.727755 78.41046 78.41046 NA 56.13476 NA 46.33345 59.69887 70.39121 104.695785 NA 187.115875 75.73738 75.291865 74.84635 NA 97.567565 127.862515 90.43934 68.16364 98.458595
"21" 54.56817 67.16083 60.8645 NA 80.80287 NA NA 69.2596 NA NA 72.40777 73.45716 46.17307 54.56817 NA 96.54369 73.45716 75.55593 54.56817 119.63023 96.54369 52.4694 79.75348 54.56817 73.45716 186.79105 54.56817 137.46982 NA 102.84002 70.30899 79.75348 77.65471 NA 62.96328 NA 50.37062 60.8645 73.45716 120.679615 NA 265.49515 73.45716 73.45716 71.35838 NA 88.148585 115.432675 94.44492 71.35838 110.185735
"22" 57.50759 76.89968 54.83281 NA 74.8936 NA NA 60.516705 NA NA 75.562295 68.20667 51.155005 52.82674 NA 109.66563 98.29785 93.617 57.50759 130.39511 94.28569 60.18236 74.22491 56.83889 56.1702 136.41334 62.85713 164.49844 NA 114.34648 75.22795 76.23099 90.27354 NA 58.84497 NA 44.13373 61.51974 79.57445 122.370795 NA 197.933085 73.55621 81.914875 76.23099 NA 94.62004 151.45893 99.96958 74.8936 128.38903
"23" 60.94516 72.0261 57.25152 NA 93.26457 NA NA 70.17928 NA NA 75.71975 86.80069 55.40469 55.40469 NA 101.57527 83.10704 83.10704 57.25152 112.65621 94.18798 62.79199 73.87292 55.40469 60.94516 145.89903 59.09834 148.66926 NA 104.345505 76.64316 73.87292 79.41339 NA 57.25152 NA 48.0174 62.79199 77.56657 105.26892 NA 212.38466 79.41339 72.0261 75.71975 NA 88.64751 129.277615 86.80069 72.94951 108.96256
"24" 68.87222 72.69846 56.75581 NA 87.04684 NA NA 71.7419 NA NA 75.886985 77.1624 60.9009 55.4804 NA 100.11981 85.45257 73.33616 59.30664 122.43951 90.55422 71.42305 83.53946 51.65417 68.23452 137.74445 65.68369 146.034625 NA 106.49686 76.843545 77.8001 73.97387 NA 63.13287 NA 47.19023 63.13287 71.42305 109.047685 NA 197.68879 73.33616 73.33616 77.8001 NA 95.01816 120.845245 100.11981 72.060755 92.46734
"25" 69.61044 75.93866 63.28222 NA 72.77455 NA NA 72.77455 NA NA 69.61044 88.59511 50.62578 56.954 NA 113.90799 69.61044 56.954 56.954 107.57977 101.25155 69.61044 82.26688 50.62578 63.28222 183.51844 56.954 126.56444 NA 88.59511 82.26688 82.26688 101.25155 NA 63.28222 NA 50.62578 63.28222 75.93866 107.57977 NA 291.09821 82.26688 69.61044 82.26688 NA 75.93866 113.90799 94.92333 63.28222 101.25155
"26" 60.38811 67.70788 62.21805 NA 92.412105 NA NA 71.36776 NA NA 76.85759 86.00731 53.06834 54.89828 NA 115.28639 73.19771 67.70788 54.89828 113.45645 96.98696 69.53782 82.34742 51.2384 73.19771 144.56547 58.55817 101.561815 NA 105.221705 75.02765 78.68754 82.34742 NA 58.55817 NA 49.40845 62.21805 67.70788 106.13668 NA 207.698495 76.85759 76.85759 76.85759 NA 91.49713 125.35107 80.517475 64.04799 91.497135
"27" 58.48112 66.17601 61.55908 NA 85.413225 NA NA 68.484475 NA NA 76.17936 89.26066 50.01675 56.94215 NA 116.96225 75.40987 58.48112 60.0201 123.11816 96.95555 76.94885 90.79964 47.70829 69.25396 146.20281 61.55908 129.27407 NA 113.11481 87.72169 73.87089 95.41657 NA 66.17601 NA 49.24726 63.09806 76.94885 116.19276 NA 226.22961 72.33192 73.87089 78.48783 NA 94.647085 139.277415 86.9522 64.63703 100.0335
"28" 59.59671 80.63084 63.10239 NA 78.877995 NA NA 72.743035 NA NA 78.00157 89.39506 52.585325 56.09102 NA 105.17066 71.86661 63.10239 57.84386 110.42919 89.39506 70.11377 68.36093 52.58533 66.60808 148.99176 61.34955 119.19341 NA 106.9235 81.50726 84.13652 96.40643 NA 64.85524 NA 52.58533 63.10239 71.86661 102.54139 NA 215.599845 82.38368 80.63084 87.64221 NA 79.754415 114.8113 85.88937 65.73166 85.88937
"29" 59.89014 73.50153 55.80672 NA 78.94609 NA NA 72.82096 NA NA 68.73755 83.02951 46.27874 55.80672 NA 107.53002 76.22381 68.05698 57.16786 107.53002 95.27977 57.16786 74.86267 49.00102 66.69584 181.03156 61.25128 130.66939 NA 90.51578 73.50153 76.22381 87.11293 NA 63.97356 NA 46.27874 61.25128 76.22381 107.53002 NA 300.81183 83.02951 72.14039 66.69584 NA 83.02951 103.4466 79.62666 68.05698 97.321475
"30" 65.92017 68.36165 65.92017 NA 81.789835 NA NA 69.582395 NA NA 65.92017 78.12761 53.71273 58.5957 NA 107.42546 83.01058 80.56909 61.03719 114.74992 102.54248 70.80314 78.12761 51.27124 70.80314 180.67009 65.92017 135.50257 NA 97.65951 83.01058 75.68612 90.33504 NA 63.47868 NA 51.27124 63.47868 73.24463 118.412155 NA 274.667365 75.68612 70.80314 73.24463 NA 85.45207 115.970665 90.335045 67.14091 104.98397
"31" 70.21638 70.21638 64.11061 NA 74.795715 NA NA 68.68994 NA NA 70.21638 82.42793 54.95195 61.05773 NA 106.85102 73.26927 73.26927 58.00484 112.95679 97.69236 54.95195 76.32216 51.89907 67.1635 195.38472 58.00484 143.485655 NA 88.5337 82.42793 79.37504 82.42793 NA 67.1635 NA 48.84618 61.05773 73.26927 123.641895 NA 274.75977 79.37504 70.21638 67.1635 NA 73.26927 128.22122 88.5337 61.05773 91.58659
"32" 60.37676 68.11737 55.73239 NA 85.92077 NA NA 63.473 NA NA 69.66549 77.4061 44.89554 54.95833 NA 114.56103 79.72828 74.30985 58.82863 131.59037 100.62793 55.73239 78.95422 51.08802 66.56924 168.74529 61.92488 171.06748 NA 106.820415 77.4061 83.59859 92.88732 NA 61.92488 NA 47.99178 62.69894 74.30985 131.59037 NA 265.50292 78.95422 81.2764 88.24295 NA 88.24295 138.556915 120.75351 73.53579 107.59448
"33" 60.43164 66.18704 54.67625 NA 73.38128 NA NA 60.43164 NA NA 70.50358 74.82013 47.48201 54.67625 NA 117.98559 82.733795 80.57553 60.43164 126.61868 90.64747 53.2374 77.69783 50.3597 60.43164 161.15105 60.43164 150.359685 NA 117.98559 84.89207 74.82013 86.33092 NA 61.87049 NA 46.04316 61.87049 79.13668 125.179835 NA 243.88485 71.94243 78.417255 77.69783 NA 82.01437 125.89926 97.122285 76.25898 102.15826
"34" 60.86343 73.67678 64.06677 NA 80.08346 NA NA 70.47345 NA NA 73.67678 83.2868 48.05008 54.45675 NA 102.50683 73.67678 67.27011 57.66009 112.11684 89.69348 60.86343 86.49014 54.45675 70.47345 172.98028 60.86343 118.52352 NA 96.10015 76.88012 83.2868 89.69348 NA 57.66009 NA 51.25341 64.06677 67.27011 100.90516 NA 286.69879 80.08346 67.27011 67.27011 NA 88.09181 118.52352 88.09181 65.66844 92.896815
"35" 69.81608 68.44714 61.60242 NA 95.82599 NA NA 73.92291 NA NA 69.81608 78.02973 53.388765 57.49559 NA 94.45705 75.29185 69.81608 58.86454 117.72907 90.35022 60.23348 75.29185 52.01982 64.34031 160.1663 60.23348 104.039645 NA 95.82599 75.29185 69.81608 78.02973 NA 60.23348 NA 52.01982 64.34031 64.34031 111.568835 NA 255.30782 79.39868 73.92291 80.76762 NA 100.61729 106.09306 92.40363 68.44714 93.772575
"36" 60.57175 62.73503 60.57175 NA 73.55141 NA NA 74.63305 NA NA 67.06158 77.87797 64.89831 61.65339 NA 97.34746 71.38814 71.38814 58.40848 99.51074 82.20452 67.06158 67.06158 50.83701 64.89831 147.10283 56.2452 94.102545 NA 90.85763 72.469775 69.22486 82.20452 NA 60.57175 NA 51.91865 62.73503 62.73503 75.71469 NA 202.26639 73.55141 69.22486 77.87797 NA 70.3065 108.163845 82.20452 65.979945 86.53108
"37" 53.78825 64.5459 60.24284 NA 75.30355 NA NA 65.621665 NA NA 63.470135 98.97038 53.78825 53.78825 NA 105.42497 73.15202 66.69743 58.09131 116.18262 94.66732 66.69743 71.00049 51.63672 66.69743 180.72851 60.24284 150.60709 NA 107.5765 78.530845 77.45508 86.0612 NA 64.5459 NA 47.33366 62.39437 75.30355 95.743085 NA 280.774655 79.60661 72.076255 75.30355 NA 82.833905 114.03109 77.45508 58.09131 89.288495
"38" 55.09233 70.39575 58.15301 NA 82.638495 NA NA 64.27438 NA NA 73.45644 79.57781 55.09233 55.09233 NA 101.0026 88.75986 91.82055 55.09233 119.36671 94.88123 73.45644 67.33507 55.09233 64.27438 137.73082 61.2137 130.07911 NA 91.82055 81.10815 73.45644 88.75986 NA 61.2137 NA 48.97096 61.2137 73.45644 111.715 NA 217.30863 76.51712 73.45644 82.63849 NA 93.35089 140.791505 105.59363 73.45644 113.24534
"39" 61.76115 70.13555 61.76115 NA 85.837535 NA NA 64.90155 NA NA 70.13555 82.69714 53.38676 58.097355 NA 103.63312 72.22914 64.90155 58.62075 110.96071 91.07153 59.66755 64.90155 51.29316 62.80795 129.8031 60.71435 125.6159 NA 93.68853 69.61215 72.22914 87.93113 NA 61.76115 NA 49.19956 62.80795 65.94835 109.913915 NA 174.815465 68.04195 69.08875 76.41634 NA 91.59493 109.913915 90.54813 65.94835 84.790735
"40" 51.33269 66.7325 61.59923 NA 76.143485 NA NA 64.165865 NA NA 73.57685 85.55448 46.19942 56.46596 NA 107.79865 67.588045 51.33269 58.17705 114.64301 87.26557 66.7325 73.57685 49.6216 61.59923 147.15371 56.46596 106.943105 NA 106.08756 75.28794 83.84339 85.55448 NA 58.17705 NA 49.6216 61.59923 59.88814 134.320535 NA 209.608485 73.57685 69.299135 85.55448 NA 82.987845 129.187265 79.565665 58.17705 90.68775
"41" 68.66129 68.66129 62.22429 NA 96.55493 NA NA 71.879785 NA NA 79.38961 81.53528 56.86013 62.22429 NA 102.99193 83.68094 79.38961 57.93296 111.57459 96.55493 62.22429 64.36996 51.49597 64.36996 158.77923 64.36996 139.468235 NA 108.356095 77.24395 81.53528 75.09828 NA 62.22429 NA 51.49597 66.51562 64.36996 107.283265 NA 247.82433 77.24395 70.80695 94.40927 NA 96.55493 141.6139 85.82661 70.80695 105.137595
"42" 51.10902 63.49909 63.49909 NA 62.72471 NA NA 70.4685 NA NA 66.59661 77.43792 48.01151 51.8834 NA 108.41308 68.14537 61.95033 57.30406 113.05936 99.12053 69.69412 71.24288 48.01151 68.14537 179.65597 61.95033 117.705635 NA 99.12053 80.53543 78.98667 86.73047 NA 57.30406 NA 44.91399 58.85282 78.98667 98.34615 NA 274.9046 75.88916 67.37099 65.04785 NA 63.49909 102.21805 77.437915 66.59661 99.12053
"43" 68.56177 68.56177 56.63799 NA 71.045895 NA NA 68.06495 NA NA 79.49191 79.49191 54.65069 61.60623 NA 97.37759 67.56813 70.54907 60.61258 105.32678 92.40935 59.61893 77.50461 52.66339 64.58718 147.06004 63.59353 113.7728 NA 97.377595 74.026845 71.54272 83.46651 NA 62.59988 NA 51.66974 64.58718 68.56177 91.415695 NA 204.691675 71.54272 75.020495 72.53637 NA 82.47286 119.734695 83.46651 68.56177 107.81091
"44" 52.77983 67.29429 55.41882 NA 81.14899 NA NA 67.29429 NA NA 67.954035 80.48924 56.07857 50.80059 NA 100.28168 95.663445 93.6842 60.69681 130.63008 97.64269 58.05782 65.97479 52.77983 67.29429 163.61748 60.69681 122.71311 NA 105.55966 85.767225 72.57227 81.80874 NA 55.41882 NA 46.18235 60.69681 75.21126 117.435125 NA 260.60042 76.53076 83.787985 72.57227 NA 102.920675 114.79613 85.10748 73.89176 98.96218
"45" 61.19067 74.17051 61.19067 NA 73.24338 NA NA 59.33641 NA NA 85.296085 79.7333 49.13796 55.62788 NA 111.25577 79.7333 79.7333 61.19067 114.96429 83.44182 55.62788 89.00461 50.06509 59.33641 92.71314 61.19067 109.401505 NA 120.52708 76.951905 64.8992 76.02477 NA 48.21083 NA 44.50231 61.19067 72.31625 96.42166 NA 129.79839 59.33641 75.09764 79.7333 NA 89.004615 108.47437 106.62011 62.1178 95.49453
"46" 63.71679 70.18081 64.64022 NA 93.728325 NA NA 72.95111 NA NA 82.647145 78.4917 51.25046 59.561345 NA 104.34779 79.41513 71.10425 59.09963 120.04613 94.19004 60.02306 85.87915 53.55904 68.33395 151.44281 62.79336 136.20618 NA 93.26661 81.26199 79.41513 97.88377 NA 71.10425 NA 49.86531 65.101935 69.25738 106.19465 NA 216.544745 76.64484 74.336255 78.4917 NA 100.192345 115.42897 92.80489 65.56365 106.19465
"47" 61.80932 67.79087 56.8247 NA 92.71398 NA NA 70.28318 NA NA 68.787795 76.76319 52.837 52.837 NA 98.69553 70.28318 54.83085 58.81855 126.60941 101.6863 66.79394 60.8124 50.34469 69.78472 151.53253 59.81547 110.658625 NA 98.69553 75.2678 75.76626 85.73551 NA 61.80932 NA 48.8493 60.8124 78.75704 103.181685 NA 223.809555 79.75396 69.784715 84.73858 NA 91.717055 129.101725 105.175535 61.80932 87.729355
"48" 64.50647 68.09016 62.71462 NA 83.320855 NA NA 69.88201 NA NA 64.50647 77.04939 51.96354 60.026855 NA 109.30263 71.67385 59.13093 57.33908 105.71893 94.96786 75.25755 77.04939 48.37985 66.29831 157.68248 64.50647 135.2844 NA 89.59232 79.73716 69.88201 78.84124 NA 57.33908 NA 48.37985 62.71462 69.88201 97.65563 NA 239.21149 73.4657 68.09016 77.04939 NA 71.67385 111.990395 92.280085 66.29831 94.96786
"49" 58.12641 75.56433 66.84537 NA 78.47065 NA NA 71.20485 NA NA 78.47065 90.09593 56.67325 61.03273 NA 113.34649 71.20485 63.93905 58.12641 110.44017 93.00225 66.84537 84.28329 49.40745 66.84537 159.84762 63.93905 127.87809 NA 91.54909 78.47065 81.37697 90.09593 NA 63.93905 NA 52.31377 63.93905 72.65801 108.98701 NA 223.78666 69.75169 69.75169 75.56433 NA 75.56433 127.87809 74.11117 63.93905 100.26805
"50" 52.09472 66.97892 63.25787 NA 81.86313 NA NA 66.97892 NA NA 70.69998 85.58418 49.30393 54.885505 NA 94.88681 68.83945 53.95524 57.6763 109.77102 90.235495 53.95524 87.44471 48.37367 57.6763 132.09732 57.6763 117.21312 NA 105.1197 70.69998 78.14208 87.44471 NA 59.53682 NA 46.51314 61.39735 68.83945 100.46839 NA 185.122305 74.42103 76.28155 87.44471 NA 93.026285 114.42233 102.32891 57.6763 94.88681
"51" 56.96196 63.12001 63.12001 NA 70.04782 NA NA 72.35709 NA NA 66.19904 83.13367 47.72489 60.04099 NA 109.30539 63.12001 53.88294 53.88294 106.22636 96.98929 66.19904 80.05465 46.18537 67.73855 135.4771 60.04099 131.62832 NA 95.44977 77.74538 87.75221 87.75221 NA 66.19904 NA 52.34342 63.12001 73.8966 127.77954 NA 197.827355 76.97562 66.968795 81.59416 NA 70.047815 138.55612 89.29172 60.810745 83.90343
"52" 66.99479 64.08197 58.25634 NA 75.73324 NA NA 69.9076 NA NA 69.9076 84.47169 55.34352 58.25634 NA 110.68704 69.9076 52.4307 58.25634 113.59985 101.94859 69.9076 81.55887 49.51789 69.9076 212.63562 61.16915 144.18443 NA 94.666545 75.733235 90.29732 84.47169 NA 64.08197 NA 49.51789 61.16915 72.82042 117.96908 NA 327.691885 81.55887 72.82042 66.99479 NA 75.73324 122.338305 88.84091 62.62556 93.21014
"53" 70.06698 72.56937 60.05741 NA 71.318175 NA NA 70.06698 NA NA 68.815785 80.07655 55.05263 60.05741 NA 110.10526 77.57416 72.56937 57.55502 112.60765 100.09569 70.06698 77.57416 52.55024 65.0622 172.66506 62.55981 165.157885 NA 103.849275 73.82057 75.07177 95.0909 NA 67.56459 NA 50.04784 65.0622 65.0622 111.356455 NA 284.021515 77.57416 73.82057 72.56937 NA 70.06698 141.38516 80.07655 72.56937 92.58851
"54" 59.788 69.35408 64.57104 NA 83.10532 NA NA 68.15832 NA NA 70.54984 87.29048 58.59224 60.38588 NA 100.44384 74.735 66.96256 56.20072 108.81416 90.27988 71.7456 74.13712 52.61344 66.96256 148.27424 57.39648 154.85092 NA 96.25868 77.7244 75.33288 80.11592 NA 66.96256 NA 52.61344 64.57104 63.37528 106.42264 NA 217.62832 75.33288 74.13712 77.7244 NA 83.7032 139.90392 83.7032 70.54984 100.44384
"55" 64.25706 71.53145 60.61987 NA 89.111215 NA NA 68.500455 NA NA 67.89426 78.80583 58.801275 56.98268 NA 101.84139 80.62443 69.10665 54.55788 115.17776 94.567 78.80583 76.38104 52.13309 60.61987 117.60255 61.83227 132.75752 NA 98.81039 74.562445 73.95624 86.08022 NA 58.19508 NA 48.4959 61.83227 70.31905 109.721965 NA 178.82862 73.95624 75.16864 92.14221 NA 94.567 127.90793 83.049225 64.86326 111.540565
"56" 71.62701 69.23944 59.68917 NA 93.11511 NA NA 70.433225 NA NA 74.01458 88.33998 58.49539 57.30161 NA 102.66538 74.01458 59.68917 57.30161 102.66538 90.72754 62.07674 81.17728 53.720255 64.46431 131.31618 59.68917 118.184565 NA 90.727545 81.17728 74.01458 74.01458 NA 64.46431 NA 50.13891 62.07674 71.62701 94.308895 NA 174.29239 76.40214 71.62701 78.78971 NA 96.69646 122.959695 95.50268 69.23944 95.50268
"57" 59.89243 75.6536 53.58797 NA 78.80583 NA NA 75.6536 NA NA 77.229715 72.50137 63.04467 53.58797 NA 107.17593 78.80583 69.34913 53.58797 104.0237 91.41477 66.1969 78.80583 53.58797 66.1969 138.69827 59.89243 145.00273 NA 89.83865 74.077485 78.80583 85.1103 NA 59.89243 NA 50.43573 59.89243 69.34913 108.75205 NA 187.557885 72.50137 72.50137 78.80583 NA 83.534185 138.698265 89.83865 69.34913 100.87147
"58" 65.47975 65.47975 61.628 NA 75.10912 NA NA 75.10912 NA NA 76.07206 73.18325 50.07275 57.77625 NA 100.1455 67.40562 53.9245 57.77625 107.84899 92.442 67.40562 75.10912 48.14687 67.40562 115.55249 57.77625 125.181865 NA 107.84899 81.849685 75.10912 84.7385 NA 57.77625 NA 48.14687 61.628 65.47975 112.66368 NA 167.55112 71.25737 76.07206 77.035 NA 79.92381 115.552495 81.849685 59.70212 102.07137
"59" 53.63026 66.14398 57.20561 NA 92.06527 NA NA 70.61317 NA NA 73.29468 75.08236 51.84258 58.99328 NA 98.32213 69.71933 55.41793 57.20561 119.77424 96.53446 69.71933 85.80841 51.84258 66.14398 141.22634 60.78096 117.98656 NA 101.89749 73.29468 73.29468 91.17143 NA 58.99328 NA 50.0549 60.78096 67.93166 102.791325 NA 210.051835 73.29468 72.400845 84.02073 NA 86.702245 133.1818 82.23306 64.35631 101.00365
"60" 65.02524 67.79227 58.10766 NA 91.312035 NA NA 72.634575 NA NA 76.09337 84.39446 54.64887 52.5736 NA 109.29774 76.09337 65.02524 55.34063 114.83181 96.8461 58.10766 83.01094 48.42305 65.02524 156.33728 53.95711 108.605985 NA 94.77083 75.40161 76.09337 84.39446 NA 62.25821 NA 48.42305 62.25821 70.5593 107.22247 NA 226.204825 78.8604 76.785125 81.62743 NA 96.154345 140.42685 87.853245 63.64172 105.147195
"61" 61.79499 67.24748 54.52499 NA 84.51373 NA NA 67.24748 NA NA 69.06498 81.78748 48.16374 56.34249 NA 101.77998 70.88248 63.61249 54.52499 110.86748 101.77998 58.15999 83.60498 49.07249 74.51748 178.11496 54.52499 120.86372 NA 90.87498 75.42623 83.60498 90.87498 NA 63.61249 NA 49.07249 59.97749 70.88248 104.50623 NA 267.17244 78.15248 69.06498 83.60498 NA 94.50998 160.84871 91.78373 62.70374 103.59748
"62" 62.82051 68.70994 58.89423 NA 80.979565 NA NA 76.071715 NA NA 80.979565 75.58093 60.366585 58.89423 NA 97.17548 71.65465 62.82051 58.89423 107.97276 96.19391 55.94952 69.69151 49.07853 72.63622 147.23558 57.91266 153.615785 NA 83.924275 79.50721 80.48878 78.52564 NA 63.80208 NA 52.02324 62.329725 68.70994 113.371395 NA 207.602165 80.48878 76.071715 85.39663 NA 88.34135 150.18029 83.43349 60.366585 92.26763
"63" 55.46568 64.70996 55.46568 NA 80.88745 NA NA 73.95424 NA NA 70.487635 85.50959 51.999075 55.46568 NA 110.93136 85.50959 73.95424 57.77675 120.17564 98.220475 67.02103 76.26531 57.77675 69.3321 168.70812 60.08782 129.41992 NA 95.909405 76.26531 76.26531 80.88745 NA 62.39889 NA 48.53247 62.39889 67.02103 106.30922 NA 259.995385 76.26531 76.26531 80.88745 NA 95.909405 123.642245 87.82066 61.243355 107.464755
"64" 74.84982 71.59548 61.83246 NA 94.37586 NA NA 61.83246 NA NA 81.3585 74.84982 52.06944 55.32378 NA 100.88454 84.61284 74.84982 58.57812 120.41058 94.37586 48.8151 81.3585 50.44227 58.57812 107.39322 61.83246 118.78341 NA 97.6302 87.86718 61.83246 81.3585 NA 58.57812 NA 45.56076 61.83246 61.83246 84.61284 NA 149.69964 68.34114 82.98567 91.12152 NA 84.61284 126.91926 87.86718 61.83246 96.00303
"65" 54.53467 66.32595 54.53467 NA 89.171555 NA NA 72.22159 NA NA 66.32595 76.64332 47.902075 53.06076 NA 109.06935 81.06505 75.16941 56.00858 110.54326 94.33025 54.53467 73.6955 50.11294 64.85204 181.29094 64.85204 108.332395 NA 104.64762 78.11723 72.22159 72.22159 NA 57.48249 NA 45.69121 58.9564 73.6955 87.697645 NA 281.51683 84.01287 77.380275 76.64332 NA 95.80416 117.91281 78.854185 68.536815 96.541115
"66" 54.81978 62.38112 56.71011 NA 92.62652 NA NA 72.77798 NA NA 71.83281 71.83281 50.09393 52.92944 NA 107.74921 75.61348 62.38112 56.71011 115.31056 94.51685 68.05213 94.51685 45.36809 73.72315 153.1173 60.49079 137.99461 NA 104.91371 77.50382 79.39416 90.73618 NA 60.49079 NA 47.25843 60.49079 68.05213 105.858875 NA 208.88225 77.50382 72.77798 79.39416 NA 94.516855 117.2009 90.73618 65.21663 92.626515
"67" 64.13739 67.19156 51.92075 NA 93.15193 NA NA 73.29988 NA NA 68.71864 73.29988 51.92075 54.97491 NA 109.94982 71.7728 70.24572 61.08323 116.05814 94.67901 61.08323 73.29988 48.86659 70.24572 186.30386 67.19156 120.639385 NA 102.314415 76.35404 82.46236 94.67901 NA 67.19156 NA 48.86659 61.08323 76.35404 102.314415 NA 285.564115 76.35404 70.24572 85.51653 NA 82.46236 125.22063 100.78733 73.29988 93.15193
"68" 56.07861 64.38655 50.88615 NA 84.117915 NA NA 68.54052 NA NA 69.05977 74.77148 48.80916 54.52087 NA 92.42586 73.73299 60.23258 56.07861 117.34968 94.50284 63.34806 65.42505 48.80916 62.30957 152.65844 59.19409 115.791945 NA 104.368525 75.809975 72.69449 99.69531 NA 60.23258 NA 46.73218 60.23258 71.656 110.080235 NA 242.488065 79.96394 75.809975 78.92545 NA 88.791135 134.484815 92.42586 62.828815 97.099075
"69" 69.9646 71.23668 61.06001 NA 75.68897 NA NA 71.23668 NA NA 71.23668 89.04585 48.33918 58.51584 NA 101.76668 71.87272 58.51584 62.33209 106.85502 87.137725 72.50876 89.04585 52.15543 64.87626 123.3921 58.51584 129.116485 NA 97.31439 75.05293 83.95751 82.68543 NA 57.24376 NA 50.88334 62.33209 72.50876 103.03877 NA 171.73128 75.05293 72.50876 78.86918 NA 76.325015 114.48752 80.141265 61.06001 84.593555
"70" 60.8278 69.3154 66.4862 NA 93.3636 NA NA 71.4373 NA NA 72.1446 86.2906 55.1694 57.9986 NA 106.095 70.73 55.1694 57.9986 115.9972 90.5344 77.803 80.6322 49.511 66.4862 113.168 55.1694 111.7534 NA 87.7052 74.2665 84.876 84.876 NA 70.73 NA 55.1694 63.657 72.1446 108.9242 NA 154.89869 76.3884 75.6811 94.7782 NA 86.9979 132.2651 94.7782 61.5351 101.1439
"71" 61.57715 73.05763 55.31506 NA 84.01628 NA NA 69.40475 NA NA 76.18867 79.31971 55.8369 52.70586 NA 98.10596 101.237 105.41173 55.31506 127.32902 91.84388 65.75187 60.53347 54.27138 57.40243 122.11061 63.66451 120.02325 NA 99.14964 76.71051 73.05763 94.97492 NA 59.48979 NA 44.87826 61.57715 66.79555 116.37037 NA 198.29929 74.10131 78.79787 81.40708 NA 107.49909 125.763495 92.88756 72.01395 116.37037
"72" 57.54809 54.67069 51.79328 NA 79.128625 NA NA 66.18031 NA NA 71.93511 74.81252 54.67069 51.79328 NA 106.46397 74.81252 71.93511 57.54809 115.09618 94.95435 60.4255 83.44473 50.35458 63.3029 143.87023 60.4255 105.025265 NA 116.534885 77.68992 74.81252 86.32214 NA 60.4255 NA 46.03847 60.4255 77.68992 122.289695 NA 218.68275 77.68992 74.81252 83.44473 NA 94.95435 117.973585 83.44473 60.4255 84.883435
"73" 60.55514 70.80294 58.69191 NA 87.572055 NA NA 74.52941 NA NA 74.529405 81.05073 47.04669 53.1022 NA 110.86249 74.99522 63.35 57.76029 122.04191 102.47794 68.00808 81.05073 49.37573 76.39264 126.69999 54.96544 140.674255 NA 90.366905 77.32426 79.1875 82.91397 NA 61.48676 NA 48.44412 60.55514 73.59779 109.930875 NA 186.78933 77.32426 68.008085 81.05073 NA 93.16176 118.315435 77.32426 63.815805 108.06764
"74" 53.75313 68.91427 59.26627 NA 62.022845 NA NA 67.53599 NA NA 70.29256 70.29256 47.550845 53.75313 NA 86.83198 77.18398 85.4537 57.88799 99.23655 81.31884 38.59199 68.91427 48.23999 64.77942 103.37141 60.64456 88.210265 NA 104.749695 74.42741 67.53599 79.94056 NA 48.23999 NA 42.72685 59.26627 66.1577 79.251415 NA 148.165685 70.29256 63.40113 78.56227 NA 75.116555 93.034265 75.8057 64.779415 86.831985
"75" 52.93294 64.69581 56.8539 NA 81.35989 NA NA 74.49821 NA NA 74.49821 76.45869 56.8539 52.93294 NA 113.7078 80.37965 62.73534 56.8539 113.7078 98.02396 64.69581 76.45869 50.97246 68.61677 164.68026 62.73534 128.41139 NA 91.16228 80.37965 72.53773 90.18204 NA 60.77486 NA 47.0515 60.77486 78.41917 114.688035 NA 266.625175 82.34013 70.57725 86.26109 NA 90.18204 128.41139 88.22157 66.65629 99.98444
"76" 64.10807 65.56507 62.65107 NA 101.99011 NA NA 74.30708 NA NA 78.67809 78.67809 51.72356 61.19407 NA 97.61911 74.30708 59.73707 58.28006 119.47413 91.7911 75.76408 78.67809 50.99506 67.02207 122.38814 58.28006 118.74563 NA 90.3341 87.420095 84.50609 83.04909 NA 59.73707 NA 52.45206 62.65107 69.93608 95.433605 NA 166.826685 80.13509 72.85008 77.22109 NA 92.5196 130.40164 91.0626 64.10807 93.9766
"77" 63.00259 73.25883 61.53742 NA 93.038715 NA NA 71.061065 NA NA 73.25883 82.04989 54.21153 57.14189 NA 114.28378 83.51507 73.25883 61.53742 128.93554 101.09719 70.32848 87.9106 51.28118 65.93295 127.47037 61.53742 142.854725 NA 102.562365 83.51507 80.58471 95.23648 NA 55.67671 NA 46.88565 63.00259 73.25883 117.21413 NA 183.14708 79.11954 76.18918 82.04989 NA 104.02754 131.865895 98.166835 68.13071 112.8186
"78" 57.4733 70.04559 62.86142 NA 82.61787 NA NA 79.02579 NA NA 74.53569 79.02579 51.18716 55.67726 NA 96.98619 73.63767 73.63767 57.4733 113.15056 93.39411 52.08518 61.06538 48.4931 66.4535 165.23574 62.86142 125.72285 NA 94.29213 75.43371 73.63767 89.80203 NA 70.04559 NA 50.28914 62.86142 66.4535 101.4763 NA 245.15955 71.84163 71.84163 80.82183 NA 93.39411 144.58127 85.31193 68.24954 93.39411
"79" 61.27264 68.69962 63.12938 NA 95.62245 NA NA 77.98336 NA NA 74.26986 79.8401 50.132155 61.27264 NA 98.40757 86.338715 77.98336 59.41589 107.6913 86.338715 66.84288 72.41312 54.774025 64.98613 113.26154 61.27264 122.545275 NA 87.26709 81.69685 79.8401 87.26709 NA 63.12938 NA 51.9889 64.98613 74.26986 87.26709 NA 160.60858 74.26986 79.8401 87.26709 NA 98.40757 133.685755 99.335945 71.484745 90.980585
"80" 63.50235 71.56614 56.44653 NA 93.741555 NA NA 72.57411 NA NA 75.094045 91.72561 51.40666 52.41463 NA 113.90103 81.64587 69.55019 61.4864 125.99672 92.73358 70.55816 85.67777 49.39071 64.51032 127.00469 64.51032 122.9728 NA 107.349205 88.70169 79.62993 81.64587 NA 55.43856 NA 47.37477 62.49437 76.606 93.237575 NA 180.4273 80.6379 76.102015 77.61398 NA 85.17378 124.484755 98.78143 71.06215 107.349205
"81" 78.92732 69.0614 61.66197 NA 73.99436 NA NA 70.29464 NA NA 71.52788 83.86028 51.79605 59.19549 NA 110.99154 66.59492 56.72901 59.19549 108.52506 91.25971 83.86028 76.46084 46.8631 69.0614 175.11999 56.72901 109.758305 NA 98.65915 75.2276 76.46084 91.25971 NA 59.19549 NA 51.79605 61.66197 66.59492 90.02647 NA 245.41463 76.46084 69.0614 69.0614 NA 81.3938 135.656325 80.16056 64.12845 86.326755
"82" 57.05073 70.47443 65.44054 NA 87.25406 NA NA 70.47443 NA NA 68.79647 77.18628 53.694805 58.72869 NA 105.71165 77.18628 72.15239 58.72869 105.71165 88.93202 60.40666 77.18628 50.33888 60.40666 130.88109 57.05073 105.711645 NA 93.126925 70.47443 72.15239 90.60998 NA 58.72869 NA 52.01684 63.76258 72.15239 117.45739 NA 189.60978 82.22017 78.025265 78.86425 NA 87.25406 91.448965 76.3473 63.76258 81.38119
"83" 54.27608 66.33743 62.31698 NA 85.434575 NA NA 74.37833 NA NA 76.38856 78.39879 48.24541 52.26586 NA 120.61352 78.39879 64.32721 62.31698 126.64419 104.53171 72.36811 84.42946 50.25563 72.36811 156.79757 60.30676 131.669755 NA 105.536825 77.393675 80.40901 90.46014 NA 56.28631 NA 46.23518 62.31698 72.36811 120.613515 NA 213.08388 78.39879 72.36811 78.39879 NA 103.5266 123.628855 93.475475 62.31698 109.557275
"84" 64.26454 68.54884 62.12239 NA 81.40175 NA NA 71.762065 NA NA 72.83314 77.11744 63.193465 55.69593 NA 111.39186 68.54884 62.12239 55.69593 115.67617 85.68605 68.54884 74.97529 51.41163 59.98023 132.81337 59.98023 106.036485 NA 91.041425 74.97529 72.83314 85.68605 NA 64.26454 NA 51.41163 62.12239 68.54884 112.462935 NA 175.6564 77.11744 76.046365 81.40175 NA 72.83314 129.600145 84.614975 61.05131 93.183575
"85" 61.4358 61.4358 64.94641 NA 74.600605 NA NA 73.72295 NA NA 64.068755 86.01011 50.90394 57.047525 NA 121.11628 59.68049 43.88271 59.68049 112.33974 93.03135 73.72295 78.98888 44.760365 71.96765 163.24368 56.16987 110.58443 NA 90.398385 71.089995 77.23357 94.78666 NA 61.4358 NA 50.90394 61.4358 73.72295 104.440855 NA 232.578365 78.98888 64.94641 73.72295 NA 64.94641 124.6269 81.62184 54.41456 80.74419
"86" 54.85804 66.4071 57.7453 NA 85.896135 NA NA 69.29436 NA NA 68.572545 76.51252 55.579855 53.4144 NA 118.37787 77.95616 69.29436 62.0762 124.1524 98.16701 57.7453 79.39979 49.08351 66.4071 147.25052 60.63257 126.317845 NA 103.219725 78.677975 77.95616 89.50522 NA 62.0762 NA 47.63987 60.63257 73.62526 109.71607 NA 213.657615 75.06889 77.23434 85.17432 NA 101.054275 134.97964 83.00887 62.798015 101.054275
"87" 63.28823 64.69463 61.88182 NA 76.649075 NA NA 71.72666 NA NA 76.649075 84.3843 49.22418 59.06901 NA 94.22914 73.836265 67.50744 52.03699 101.26116 88.60352 50.63058 61.88182 52.03699 67.50744 165.95579 60.47542 115.32521 NA 96.338745 71.72666 82.9779 80.16509 NA 68.91385 NA 50.63058 61.88182 73.13306 104.777175 NA 233.46323 78.75868 74.53947 81.57149 NA 82.9779 123.763645 83.6811 64.69463 91.416325
"88" 53.14711 65.65231 65.65231 NA 76.59436 NA NA 71.90491 NA NA 68.77861 78.15751 53.14711 59.39971 NA 96.91531 68.77861 62.52601 56.27341 103.16791 100.04161 62.52601 68.77861 50.02081 65.65231 187.57802 65.65231 109.42051 NA 100.04161 84.41011 87.53641 75.03121 NA 65.65231 NA 53.14711 65.65231 68.77861 100.04161 NA 306.37743 78.15751 65.65231 68.77861 NA 71.90491 118.79941 85.97326 62.52601 84.41011
"89" 50.47276 71.35804 59.17496 NA 66.13672 NA NA 69.6176 NA NA 64.39628 74.83892 46.12166 57.43452 NA 102.68596 68.74738 60.9154 55.69408 107.90728 92.24332 67.87716 71.35804 46.99188 69.6176 172.30356 53.95364 132.27344 NA 101.81574 87.022 76.57936 92.24332 NA 64.39628 NA 48.73232 60.9154 69.6176 123.57124 NA 258.45533 73.09848 66.13672 66.13672 NA 72.22826 107.03706 81.80068 61.78562 97.46464
"90" 53.61257 72.37698 56.2932 NA 71.036665 NA NA 71.036665 NA NA 71.036665 77.73823 52.27226 56.2932 NA 109.90578 77.73823 67.01572 58.97383 123.30892 99.18326 53.61257 85.78012 50.93195 69.69635 155.47647 64.33509 138.05238 NA 95.16232 81.759175 75.0576 85.78012 NA 61.65446 NA 48.25132 64.33509 72.37698 96.50263 NA 219.81156 80.41886 79.078545 69.69635 NA 87.120435 119.28798 92.481695 61.65446 99.18326
"91" 56.82468 68.44791 59.40762 NA 71.676575 NA NA 66.510705 NA NA 72.968045 82.65407 45.847185 58.11615 NA 104.60906 74.90525 69.73937 56.82468 114.94082 97.505975 61.99056 80.07113 49.07586 67.15644 164.01668 59.40762 112.35788 NA 94.923035 71.03084 80.07113 90.40289 NA 65.86497 NA 47.78439 61.99056 69.73937 106.546265 NA 224.71576 76.19672 71.03084 72.32231 NA 69.09364 140.124485 88.465685 67.15644 96.214505
"92" 63.14856 71.18565 58.55594 NA 91.278375 NA NA 67.167105 NA NA 81.51905 91.85245 56.25963 57.40778 NA 105.63032 90.7043 81.51905 56.25963 120.55634 94.14876 71.18565 78.07458 56.25963 65.44487 101.0377 58.55594 121.7045 NA 90.704295 73.48196 75.77827 106.77848 NA 63.14856 NA 50.51885 62.00041 80.3709 109.07479 NA 141.797225 82.66721 86.11167 88.40799 NA 96.44508 143.51946 103.33401 66.01895 117.111875
"93" 61.00464 68.49644 52.44259 NA 78.128755 NA NA 71.70721 NA NA 75.98824 88.83132 51.37233 51.37233 NA 116.658 81.33952 74.91798 56.72362 115.58775 102.209535 54.5831 75.98824 49.23182 72.77747 187.29496 61.00464 145.01981 NA 98.46364 75.45311 70.63696 93.11235 NA 65.28567 NA 44.95079 61.00464 72.77747 111.841845 NA 301.81245 80.26927 72.77747 72.77747 NA 94.18261 122.009285 116.658005 69.03157 107.560815
"94" 57.71005 77.84146 60.39424 NA 89.92031 NA NA 68.4468 NA NA 81.1967 80.52565 52.341675 54.354815 NA 91.2624 97.97288 95.28869 55.02586 120.78848 85.22298 56.36796 68.4468 57.71005 59.05214 111.39382 67.10471 148.972455 NA 98.64392 77.84146 73.81518 88.57822 NA 60.39424 NA 45.6312 61.73633 73.81518 116.76219 NA 172.459105 76.49937 83.20984 81.86775 NA 100.65706 117.43324 87.90717 71.13099 99.98602
"95" 62.7813 62.7813 67.61063 NA 86.92796 NA NA 77.26929 NA NA 67.61063 77.26929 53.12264 57.95197 NA 96.58662 72.43996 72.43996 57.95197 115.90394 91.75729 62.7813 67.61063 53.12264 77.26929 164.19725 57.95197 154.53859 NA 86.92796 67.61063 82.09863 82.09863 NA 67.61063 NA 53.12264 62.7813 72.43996 113.489275 NA 241.46655 72.43996 74.854625 82.09863 NA 82.09863 130.39193 91.75729 67.61063 111.07461
"96" 60.98026 60.98026 60.98026 NA 91.4704 NA NA 67.07829 NA NA 67.07829 79.27434 57.93125 54.88224 NA 109.76447 73.17632 73.17632 60.98026 128.05855 103.66645 60.98026 73.17632 54.88224 60.98026 164.64671 67.07829 125.00954 NA 100.617435 79.27434 79.27434 85.37237 NA 67.07829 NA 48.78421 60.98026 79.27434 109.76447 NA 250.01908 79.27434 73.17632 85.37237 NA 79.27434 128.05855 82.323355 64.029275 103.66645
"97" 67.30671 67.30671 58.89337 NA 79.926725 NA NA 70.67205 NA NA 68.148045 75.72005 50.48004 55.52804 NA 97.59473 70.67205 60.57604 55.52804 107.69074 94.2294 62.25871 72.35472 50.48004 62.25871 183.41079 58.89337 127.041425 NA 105.16674 78.244055 80.76806 75.72005 NA 60.57604 NA 48.79737 60.57604 72.35472 117.78675 NA 291.94287 75.72005 68.98938 82.45072 NA 87.49873 105.16674 84.133395 60.57604 84.13339
"98" 53.66822 68.17315 58.0197 NA 71.07413 NA NA 66.72266 NA NA 76.150855 79.77709 52.21773 56.56921 NA 102.98497 76.8761 78.3266 56.56921 110.23743 91.38103 62.37118 69.62364 52.21773 63.82167 166.80664 62.37118 143.59876 NA 95.00726 78.3266 79.77709 87.02955 NA 60.92069 NA 49.31675 62.37118 68.17315 108.78694 NA 247.308975 72.52463 71.07413 72.52463 NA 89.93054 123.29186 89.20529 70.348885 97.183
"99" 55.67767 70.25992 57.00333 NA 78.21388 NA NA 68.27143 NA NA 76.88822 78.21388 56.3405 58.32899 NA 104.72705 72.91124 60.98031 58.32899 112.68101 92.133295 70.25992 79.53953 52.36353 63.63163 108.70403 59.65465 119.97213 NA 102.07574 67.6086 70.25992 91.47047 NA 60.98031 NA 51.7007 62.30597 70.25992 104.72705 NA 163.71888 71.58558 75.56256 83.51651 NA 92.79612 125.9376 85.505 65.62012 94.12178
"100" 64.65016 70.27192 64.65016 NA 73.082795 NA NA 67.46104 NA NA 70.27192 78.70455 50.59578 56.21753 NA 98.38068 70.27192 61.83929 56.21753 109.62419 99.78612 78.70455 73.08279 53.40666 64.65016 168.6526 61.83929 140.54383 NA 96.975245 64.65016 73.08279 84.3263 NA 67.46104 NA 50.59578 61.83929 73.08279 125.08401 NA 238.92451 78.70455 64.65016 84.3263 NA 78.70455 143.35471 87.13718 64.65016 99.78612
"101" 67.98008 67.98008 60.28422 NA 90.426335 NA NA 69.904045 NA NA 71.82801 80.80651 47.457795 52.58837 NA 114.15523 80.80651 64.13215 57.71894 118.00316 100.68748 65.4148 80.80651 50.02308 67.98008 155.19981 59.00158 185.34192 NA 97.48087 82.089155 82.08916 88.50237 NA 64.13215 NA 47.45779 62.84951 78.24123 119.2858 NA 246.267465 79.52387 80.16519 78.24123 NA 91.06766 156.482455 98.763515 60.925545 97.48087
"102" 68.58322 64.54892 62.53176 NA 77.660415 NA NA 74.63468 NA NA 69.5918 92.78907 50.42884 58.49745 NA 110.94345 66.56607 46.39453 64.54892 121.02922 98.84053 68.58322 80.68614 46.39453 76.65184 177.50952 56.4803 175.49236 NA 100.85768 78.66899 84.72045 102.87483 NA 64.54892 NA 50.42884 62.53176 76.65184 86.73761 NA 286.43581 78.66899 66.56607 72.61753 NA 80.68614 123.04637 79.677565 58.49745 90.77191
"103" 51.0781 68.55218 49.73393 NA 69.22426 NA NA 65.19178 NA NA 71.91258 69.89634 43.01313 51.75018 NA 104.84451 79.97754 81.99378 53.76642 115.59779 84.68211 48.38977 67.20802 53.76642 53.76642 137.10436 61.83138 114.92571 NA 115.59779 74.6009 75.27298 87.37043 NA 52.42226 NA 44.35729 59.14306 69.89634 110.89323 NA 212.37734 73.92882 73.25674 64.5197 NA 90.05875 104.17243 81.3217 72.58466 94.09123
"104" 63.58092 70.10204 60.32036 NA 98.63195 NA NA 75.80803 NA NA 74.992885 83.14429 52.9841 55.42952 NA 105.96821 88.03513 94.55625 60.32036 115.74989 94.55625 61.95064 65.2112 57.0598 66.84148 171.17941 60.32036 132.86783 NA 105.96821 81.51401 79.88373 78.25345 NA 55.42952 NA 48.9084 61.95064 76.62317 112.48933 NA 261.65996 81.51401 88.03513 81.51401 NA 101.07737 127.16185 86.40485 72.54746 90.48055
"105" 56.31885 77.54045 55.50264 NA 79.989095 NA NA 66.113435 NA NA 74.683695 71.01073 53.870205 53.87021 NA 110.18906 75.0918 75.0918 56.31885 113.45392 94.27286 62.03236 77.54045 49.78913 66.92965 131.41066 60.39993 133.451195 NA 106.51609 74.683695 69.3783 77.54045 NA 55.50264 NA 44.89184 61.21614 66.92965 117.12689 NA 195.075445 75.90802 73.051265 83.25396 NA 72.643155 147.326855 93.45665 66.521545 95.497185
"106" 67.81098 74.59208 58.1237 NA 70.232805 NA NA 56.670605 NA NA 71.6859 63.93607 50.85824 54.24879 NA 88.15428 94.93538 144.34053 47.46769 99.77902 76.52954 46.49896 69.74844 57.15497 52.31133 112.37249 65.87353 99.29466 NA 105.59139 72.170265 62.96734 82.34191 NA 52.31133 NA 44.5615 59.09243 57.15497 91.54483 NA 183.574025 65.87353 75.56081 60.06116 NA 82.34191 105.10703 74.592085 74.59208 81.857545
"107" 49.598 61.40705 60.22614 NA 75.57791 NA NA 71.44474 NA NA 71.44474 76.75881 51.95981 55.50252 NA 102.73872 73.80655 69.67338 55.50252 119.27138 91.52012 51.95981 75.57791 48.4171 66.13067 144.07038 59.04524 114.54776 NA 103.32917 73.2161 77.93972 85.02514 NA 61.40705 NA 47.23619 61.40705 68.49248 127.53772 NA 235.590505 75.57791 78.53017 76.75881 NA 101.557815 133.44224 87.977405 67.902025 95.062835
"108" 55.33061 77.46285 66.39673 NA 82.99591 NA NA 73.77415 NA NA 73.77415 84.84027 52.56408 58.09714 NA 103.2838 73.77415 70.08544 53.48626 106.97251 96.828565 82.99591 71.92979 51.6419 66.39673 151.237 59.01932 129.104755 NA 100.51727 80.229385 81.15156 95.90639 NA 70.08544 NA 53.48626 62.70802 75.6185 118.96081 NA 239.76597 81.15156 79.30721 77.46285 NA 72.85197 140.170875 80.229385 68.24108 112.50557
"109" 56.72209 79.19688 57.79231 NA 77.591535 NA NA 62.07323 NA NA 81.33733 78.12665 55.116745 57.79231 NA 101.67166 94.715185 96.32052 54.58163 97.39075 84.012905 63.14346 79.19688 57.2572 57.79231 102.74189 63.14346 126.28691 NA 95.78541 70.099935 77.05642 78.12665 NA 59.93277 NA 48.16026 64.21368 69.56482 83.47779 NA 142.875445 70.63505 75.98619 84.54802 NA 82.942675 97.925865 77.05642 77.05642 96.32052
"110" 58.03421 69.38873 55.51098 NA 93.99019 NA NA 65.60389 NA NA 76.3276 80.74325 47.9413 55.51098 NA 104.7139 76.95841 71.91196 58.03421 117.33003 93.35938 70.65034 83.26648 52.98776 61.81905 116.06842 55.51098 140.66988 NA 95.88261 74.43518 78.22002 79.48164 NA 64.34228 NA 50.46453 61.81905 68.12712 112.914385 NA 162.117305 74.43518 77.589215 85.7897 NA 85.158895 133.73101 100.92906 69.38873 99.66745
"111" 64.93696 64.93696 64.93696 NA 71.430655 NA NA 77.92435 NA NA 82.25348 82.25348 58.443265 60.60783 NA 99.57 73.59522 64.93696 56.2787 103.89913 95.24087 60.60783 64.93696 51.94957 60.60783 142.86131 56.2787 106.063695 NA 108.22826 75.759785 82.25348 86.58261 NA 64.93696 NA 51.94957 64.93696 73.59522 103.89913 NA 240.266745 82.25348 73.59522 82.25348 NA 73.59522 110.392825 103.89913 60.60783 99.57
"112" 60.89628 77.50436 58.12827 NA 96.88045 NA NA 77.50436 NA NA 74.73635 85.8084 49.82423 60.89628 NA 105.18449 94.11244 94.11244 55.36026 107.9525 94.11244 66.43231 69.20032 52.59224 66.43231 141.16866 66.43231 121.792565 NA 95.49644 77.50436 77.50436 96.88045 NA 58.12827 NA 49.82423 63.6643 66.43231 105.18449 NA 232.51308 77.50436 85.8084 96.88045 NA 98.264455 106.568495 76.120355 70.584325 98.264455
"113" 62.99038 65.16246 62.99038 NA 79.280995 NA NA 82.53912 NA NA 71.67871 80.36704 51.04393 58.64622 NA 102.08786 69.50663 58.64622 60.8183 99.91578 91.22745 60.8183 82.53912 47.78581 71.67871 167.25032 60.8183 115.120355 NA 89.05537 80.36704 82.53912 95.57161 NA 71.67871 NA 52.12997 62.99038 69.50663 89.055365 NA 249.78944 80.36704 68.42059 76.02287 NA 84.7112 128.15284 82.53912 58.64622 86.883285
"114" 48.4412 62.46365 59.91411 NA 71.38702 NA NA 67.56272 NA NA 71.38702 71.38702 50.99073 54.81504 NA 100.7067 71.38702 76.4861 53.54027 110.90484 91.78332 54.81504 76.4861 50.99073 65.01318 146.59835 62.46365 124.927295 NA 112.816995 80.947785 75.21133 86.68424 NA 62.46365 NA 45.89166 61.18888 68.83749 126.839445 NA 233.2826 72.66179 72.66179 71.38702 NA 81.58517 117.27868 78.39825 65.01318 91.78332
"115" 55.43186 59.69585 70.35583 NA 67.157835 NA NA 74.61982 NA NA 68.22383 81.0158 52.23387 59.69585 NA 100.20375 63.95984 57.56386 57.56386 98.07176 93.80777 66.09184 78.88381 49.03588 74.61982 170.55958 59.69585 114.06172 NA 90.60978 74.61982 74.61982 102.33575 NA 63.95984 NA 53.29987 61.82785 76.75181 109.79773 NA 257.97137 76.75181 70.35583 74.61982 NA 71.421825 103.401745 73.55382 60.76185 85.27979
"116" 58.27925 70.27792 58.27925 NA 88.27592 NA NA 69.42087 NA NA 71.134965 87.41887 49.70877 54.85106 NA 111.41621 75.4202 70.27792 53.13696 111.41621 90.84706 71.99201 73.70611 53.13696 63.42153 137.12764 59.99334 104.55983 NA 100.27459 64.27858 78.84839 94.27525 NA 61.70744 NA 51.42287 61.70744 71.99201 104.55983 NA 203.12032 77.1343 73.70611 82.27659 NA 83.99068 131.98536 93.418205 69.42087 101.988685
"117" 64.55791 69.93774 57.02616 NA 71.0137 NA NA 73.703615 NA NA 71.551685 78.54546 47.342465 58.10212 NA 97.91283 73.16563 67.78581 54.87423 111.90038 89.30511 57.02616 73.16563 49.4944 66.70984 137.72355 58.10212 138.79951 NA 104.90661 82.31134 83.92529 100.06476 NA 61.33002 NA 49.4944 61.33002 75.31756 109.74845 NA 194.7497 73.16563 69.399755 75.31756 NA 89.30511 117.81819 98.450815 67.247825 92.53301
"118" 65.71487 71.68895 71.68895 NA 77.66302 NA NA 65.71487 NA NA 75.67166 81.64574 53.76671 58.74511 NA 107.53342 75.67166 65.71487 55.75807 111.51614 95.58526 71.68895 85.62846 51.77535 65.71487 131.42973 59.74079 122.468615 NA 88.6155 73.6803 77.66302 93.5939 NA 67.70623 NA 51.77535 63.72351 75.67166 137.40381 NA 191.17052 71.68895 72.684625 81.64574 NA 74.67598 139.39517 103.5507 63.72351 93.5939
"119" 59.20284 63.87674 62.31877 NA 81.01441 NA NA 71.66659 NA NA 67.771665 76.3405 52.97096 58.423855 NA 102.82598 76.3405 66.99268 56.0869 107.49989 90.36222 66.99268 68.55065 53.749945 62.31877 149.56506 59.20284 107.49989 NA 86.467295 71.66659 71.66659 88.80425 NA 56.0869 NA 49.85502 63.87674 65.43471 121.52161 NA 229.80048 79.45644 73.22456 77.89847 NA 84.13035 130.090445 84.90933 66.99268 84.90933
"120" 61.31021 65.8517 54.49796 NA 88.559185 NA NA 69.25783 NA NA 77.773135 70.3932 51.091835 52.22721 NA 90.82994 84.585375 77.20545 53.36259 108.99592 87.42381 53.36259 73.79932 51.09184 69.25783 133.97415 62.44558 128.297285 NA 84.01769 74.36701 65.8517 72.66395 NA 60.17483 NA 45.41497 60.17483 65.8517 103.31905 NA 200.96123 73.79932 75.502385 70.3932 NA 89.126875 110.698985 74.36701 72.09626 87.9915
"121" 67.64314 65.04148 61.13899 NA 66.34231 NA NA 70.2448 NA NA 66.992725 81.95226 50.73235 57.2365 NA 100.16388 84.55392 88.45641 58.53733 113.17217 92.3589 58.53733 68.94397 52.03318 63.74065 160.00204 63.74065 142.440835 NA 100.16388 72.196045 76.74894 81.95226 NA 63.74065 NA 48.13069 63.74065 70.2448 120.97715 NA 255.61301 81.95226 73.496875 76.74894 NA 73.49687 126.830885 80.001015 74.14729 106.017605
"122" 53.36646 71.98267 60.81294 NA 80.67023 NA NA 70.12105 NA NA 70.74159 88.11671 58.33078 57.0897 NA 104.25076 71.98267 58.33078 60.81294 122.86697 97.42482 70.74159 85.63455 49.64322 60.81294 145.20641 62.05402 127.83129 NA 108.59454 78.18807 78.18807 91.83995 NA 60.81294 NA 48.40214 62.05402 76.94699 108.59454 NA 232.08205 75.70591 73.22375 86.87563 NA 91.83995 121.005345 96.80428 58.95132 98.04536
"123" 57.05097 66.73887 53.82167 NA 62.43313 NA NA 69.96817 NA NA 77.5032 72.12103 48.4395 52.74523 NA 99.03187 81.80893 83.9618 53.82167 109.7962 89.34397 53.82167 72.12103 55.436315 57.05097 129.172 58.1274 129.172 NA 102.799385 68.891735 75.35033 82.88537 NA 58.1274 NA 47.36307 60.28027 69.96817 92.57327 NA 193.758 72.12103 73.197465 74.2739 NA 82.34715 128.633785 81.270715 69.42995 95.26435
"124" 59.93321 78.53318 57.86655 NA 86.79983 NA NA 68.19986 NA NA 72.33319 86.79983 46.49991 57.86655 NA 109.53311 80.59984 64.06654 57.86655 107.46645 90.93315 66.1332 86.79983 51.66656 61.99988 113.66644 59.93321 111.59978 NA 88.86649 68.19986 80.59984 90.93315 NA 68.19986 NA 49.5999 61.99988 72.33319 112.63311 NA 160.166345 72.33319 73.36652 92.99981 NA 87.83316 145.69971 82.6665 68.19986 110.566445
"125" 55.0484 65.63463 61.40013 NA 67.75187 NA NA 67.75187 NA NA 63.51738 80.45535 43.403545 55.0484 NA 103.74505 63.51738 48.69666 61.40013 103.74505 97.39332 67.75187 76.22086 48.69666 69.86912 199.02112 57.16564 113.27266 NA 99.51056 69.86912 80.45535 91.04158 NA 61.40013 NA 48.69666 61.40013 71.98636 100.569185 NA 307.00067 78.3381 65.63463 69.86912 NA 73.044985 130.21063 93.158825 57.16564 96.334695
"126" 64.61707 77.98612 62.38889 NA 94.69743 NA NA 75.75794 NA NA 74.643855 84.67064 57.93254 59.04663 NA 109.18056 80.21429 75.75794 60.16072 115.86509 100.26787 66.84524 75.75794 49.01985 71.30159 169.34128 62.38889 148.173625 NA 96.9256 85.78473 84.67064 93.58334 NA 64.61707 NA 49.01985 64.61707 66.84524 106.95239 NA 252.897835 80.21429 77.98612 89.12699 NA 96.925605 152.629975 92.469255 69.07342 108.066475
"127" 51.12314 65.50153 63.90393 NA 79.08111 NA NA 59.11113 NA NA 71.89192 78.28231 51.92194 51.12314 NA 108.63668 78.28231 76.68471 57.51354 121.41746 89.4655 60.70873 76.68471 49.52554 62.30633 135.79585 57.51354 104.64268 NA 102.246285 71.09312 71.89192 78.28231 NA 59.11113 NA 46.33035 60.70873 62.30633 105.44148 NA 194.10818 71.89192 72.69072 83.07511 NA 90.2643 142.98504 83.075105 67.09912 82.27631
"128" 63.48536 69.8339 66.65963 NA 96.815185 NA NA 73.00817 NA NA 73.00817 82.53097 52.375425 60.3111 NA 88.87951 76.18244 76.18244 53.96256 104.75085 95.22805 53.96256 66.65963 50.78829 69.8339 146.01634 57.13683 131.732135 NA 88.87951 76.18244 73.00817 92.05378 NA 66.65963 NA 50.78829 63.48536 73.00817 112.686525 NA 247.59292 79.35671 80.94384 73.00817 NA 90.466645 107.92512 87.292375 63.48536 92.05378
"129" 50.94138 71.78103 60.20345 NA 78.72759 NA NA 76.41207 NA NA 72.93879 78.72759 47.4681 55.57241 NA 111.14483 76.41207 69.46552 57.88793 104.19828 94.93621 53.2569 69.46552 50.94138 62.51897 155.13966 57.88793 128.51121 NA 97.25172 81.0431 78.72759 83.35862 NA 60.20345 NA 48.62586 62.51897 69.46552 100.725 NA 224.60517 76.41207 78.72759 78.72759 NA 85.67414 129.668965 84.51638 67.15 101.88276
"130" 64.11103 73.53913 58.45418 NA 70.7107 NA NA 69.76789 NA NA 73.53913 71.65351 57.51137 52.79732 NA 115.02274 81.0816 77.31036 56.56856 118.79397 90.50969 71.65351 81.0816 52.79732 64.11103 143.30702 64.11103 129.16488 NA 93.33812 81.0816 67.88227 84.85284 NA 58.45418 NA 49.02608 64.11103 69.76789 93.33812 NA 205.53243 73.53913 73.53913 75.42475 NA 80.13879 131.9933 85.79565 68.82508 98.05217
"131" 68.827 72.15734 57.72587 NA 88.80903 NA NA 72.157335 NA NA 71.60228 78.81801 52.175305 58.83598 NA 96.57982 75.48767 68.827 53.28542 111.01128 89.91914 56.61576 77.7079 49.95508 65.49666 150.97535 58.83598 119.33713 NA 82.70341 71.60228 69.93711 84.36858 NA 65.49666 NA 49.95508 62.16632 68.827 111.56634 NA 229.238305 76.59779 69.93711 82.14835 NA 84.92363 114.89668 93.24948 65.49666 96.02476
"132" 50.79164 69.56246 54.10414 NA 72.874955 NA NA 69.010375 NA NA 70.66663 87.22912 49.13539 52.99997 NA 107.10411 84.468705 72.87496 55.2083 110.4166 95.510365 61.8333 93.85411 50.79164 60.72913 129.18743 64.04163 118.145765 NA 109.86452 75.08329 75.08329 78.39579 NA 57.41663 NA 45.27081 61.8333 66.24996 96.062445 NA 193.78114 77.29162 85.57287 72.87496 NA 82.81245 133.05201 81.156205 65.1458 110.968685
"133" 59.01543 65.03741 60.21983 NA 82.501165 NA NA 68.048405 NA NA 73.46819 83.10336 56.00444 54.80004 NA 101.16931 67.44621 69.855 60.21983 108.39569 93.94293 56.60664 80.69457 50.58465 61.42422 158.98034 61.42422 118.63306 NA 107.191295 77.68358 73.46819 68.6506 NA 65.03741 NA 48.17586 60.21983 75.87698 101.16931 NA 266.171635 79.49017 69.2528 73.46819 NA 85.51215 133.688015 87.31875 62.62862 92.73853
"134" 71.01459 81.15953 55.07254 NA 84.05809 NA NA 66.66676 NA NA 78.98562 85.50737 58.695735 60.86965 NA 94.20303 88.40592 86.95664 56.52182 107.24653 82.60881 65.21748 76.8117 56.52182 59.42037 94.20303 57.9711 114.492915 NA 90.57984 77.53634 72.46387 89.8552 NA 59.42037 NA 50.72471 63.76821 78.26098 114.492915 NA 126.08713 73.91315 79.71026 88.40592 NA 93.47839 122.46394 75.362425 70.28995 97.826225
"135" 68.43126 71.40654 62.48072 NA 84.79526 NA NA 74.38181 NA NA 78.844715 92.23344 52.067265 60.993085 NA 107.1098 74.38181 68.43126 59.50545 107.1098 87.770535 89.25817 80.33235 50.57963 59.50545 107.1098 59.50545 113.06035 NA 95.20871 68.43126 74.38181 101.15926 NA 68.43126 NA 53.5549 65.45599 74.38181 116.03562 NA 142.81307 74.38181 72.894175 80.33235 NA 80.33235 124.961435 74.38181 71.40654 102.646895
"136" 65.2771 71.80481 61.36047 NA 84.207455 NA NA 72.45758 NA NA 68.54095 80.9436 50.263365 54.83276 NA 108.35998 79.63806 75.72143 56.1383 110.97107 86.16577 67.88818 88.77685 53.52722 62.66601 116.19323 60.05493 99.87396 NA 109.665525 80.9436 74.41589 87.47131 NA 70.49927 NA 49.61059 61.36047 67.88818 92.693475 NA 172.98431 75.72143 75.72143 86.16577 NA 81.59637 133.16528 86.16577 64.62433 95.30456
"137" 58.42526 70.85616 62.15453 NA 64.019165 NA NA 67.12689 NA NA 70.85616 69.61307 45.99435 54.69598 NA 94.47488 69.61307 65.8838 55.93907 110.63506 93.23179 65.8838 68.36998 49.72362 58.42526 151.65705 58.42526 130.52451 NA 108.14888 67.12689 70.85616 90.74561 NA 63.39762 NA 47.23744 59.66835 65.8838 130.52451 NA 228.107115 73.34234 68.991525 73.34234 NA 79.5578 133.632235 83.908615 64.64071 92.610245
"138" 59.49086 71.73898 60.36573 NA 95.36035 NA NA 71.301545 NA NA 72.17641 70.86411 52.054505 54.24167 NA 98.85981 81.3625 79.61277 56.86626 123.35605 90.98602 55.9914 75.23844 49.86734 61.24059 145.22769 62.99032 106.29617 NA 111.545365 78.30047 73.48871 82.23737 NA 60.36573 NA 47.24274 62.11546 69.11438 100.609545 NA 207.34315 77.86304 70.86411 80.48764 NA 96.67265 130.79241 101.48441 67.802085 94.048055
"139" 61.22853 70.56848 57.07745 NA 69.01182 NA NA 71.60625 NA NA 73.681795 86.13505 47.218615 55.0019 NA 98.58831 71.60625 70.56848 57.07745 103.77717 85.09728 73.68179 67.45516 51.88859 61.22853 145.28804 59.15299 120.90041 NA 99.1072 83.540625 77.83288 83.02174 NA 65.37962 NA 50.85081 62.2663 66.41739 103.25829 NA 212.7432 73.68179 68.49293 86.13505 NA 82.502855 111.56046 76.79511 66.41739 95.993885
"140" 57.90263 73.26455 57.90263 NA 80.945515 NA NA 77.400455 NA NA 70.90118 76.80961 50.81251 54.35757 NA 100.44334 73.855395 56.72094 59.08432 120.53201 93.35322 61.44769 89.80816 48.44914 66.17443 140.62067 59.08432 122.895375 NA 102.215865 91.58069 80.35467 81.53636 NA 67.35612 NA 49.63083 61.44769 70.90118 103.397555 NA 224.5204 75.62792 74.44624 79.17298 NA 97.489125 132.939715 93.94406 60.266 93.944065
"141" 56.04406 73.74218 56.04406 NA 88.49061 NA NA 75.217025 NA NA 73.74218 79.64155 44.24531 53.09437 NA 103.23905 75.217025 73.74218 56.04406 112.08811 94.38999 56.04406 73.74218 53.09437 70.79249 150.43404 61.94343 122.41202 NA 97.33968 76.69187 79.64155 85.54093 NA 61.94343 NA 47.19499 64.89312 70.79249 123.88686 NA 210.90263 73.74218 69.317645 73.74218 NA 88.49061 123.88686 95.864835 67.8428 106.18874
"142" 61.60999 69.31124 64.17707 NA 71.87832 NA NA 77.01249 NA NA 73.16186 82.14665 51.34166 53.90874 NA 105.2504 75.728945 61.60999 61.60999 112.95165 100.11623 79.57957 89.8479 51.34166 77.01249 156.59206 59.04291 125.787065 NA 100.11623 85.99728 82.14665 92.41499 NA 64.17707 NA 48.77458 64.17707 74.4454 110.38457 NA 260.558915 79.57957 71.87832 82.14665 NA 83.430195 121.93644 83.430195 61.60999 101.399775
"143" 62.04622 74.1528 62.04622 NA 78.69277 NA NA 76.422785 NA NA 86.25938 81.71941 46.156335 55.99293 NA 98.36596 86.25938 84.74606 54.47961 110.47254 93.82599 62.04622 80.20609 54.47961 69.61283 152.84557 60.5329 112.742525 NA 95.339315 79.44943 78.69277 83.23274 NA 74.1528 NA 49.93964 62.04622 78.69277 91.55601 NA 224.72839 77.17945 77.17945 80.20609 NA 81.71941 110.47254 90.042685 74.1528 101.392605
"144" 62.62487 62.62487 61.01911 NA 75.471 NA NA 74.66812 NA NA 75.471 73.86524 52.187395 59.41334 NA 102.76902 65.83641 56.20181 59.41334 120.43245 95.543075 64.23064 88.31713 52.99028 69.04794 144.51894 62.62487 112.403615 NA 94.74019 80.2883 80.2883 88.31713 NA 64.23064 NA 48.17298 62.62487 73.86524 94.740195 NA 199.917865 73.86524 73.86524 91.52866 NA 76.273885 122.8411 81.091185 64.23064 87.51425
"145" 63.85975 65.45624 52.68429 NA 85.412415 NA NA 74.236955 NA NA 70.24572 75.83345 54.67991 53.083415 NA 95.78962 96.58787 94.19313 58.27202 130.11424 97.78524 59.07027 72.64046 51.88605 71.04397 182.00028 67.05274 117.34229 NA 96.18875 80.622935 81.42118 83.01767 NA 60.66676 NA 46.29832 63.0615 72.64046 107.3642 NA 303.33381 77.42995 78.22819 84.61417 NA 94.19313 137.697585 99.78086 73.039585 103.77209
"146" 62.98283 73.26574 59.12674 NA 77.12183 NA NA 75.19379 NA NA 79.69256 86.11938 52.69992 52.69992 NA 86.11938 91.90352 86.11938 55.27065 106.6852 95.11693 68.12429 68.12429 56.55601 64.26819 151.67294 61.69747 110.54129 NA 89.97547 79.692565 84.83402 83.54865 NA 62.98283 NA 47.55846 61.69747 73.26574 98.33034 NA 225.58136 88.69011 83.54865 70.69501 NA 86.76206 121.466885 88.690105 73.26574 107.97057
"147" 60.7347 62.46998 58.99942 NA 79.82275 NA NA 61.60234 NA NA 69.41108 83.2933 46.85248 52.05831 NA 124.93995 71.14636 64.20525 62.46998 130.14578 98.91079 71.14636 83.2933 48.58776 72.88164 183.93937 58.99942 163.983685 NA 101.51371 91.102045 81.55802 102.38135 NA 60.7347 NA 45.1172 62.46998 69.41108 118.86648 NA 265.4974 74.61692 75.484555 79.82275 NA 80.690385 141.425085 103.248985 65.94053 99.778435
"148" 58.79043 80.83684 61.24003 NA 83.28644 NA NA 68.58883 NA NA 73.48803 75.93763 50.21682 53.89122 NA 93.08484 78.38724 78.38724 56.34083 115.13125 93.08484 58.79043 68.58883 51.44162 61.24003 151.87527 58.79043 162.898475 NA 100.43365 68.58883 75.93763 80.83684 NA 61.24003 NA 48.99202 63.68963 73.48803 128.60406 NA 220.4641 80.83684 78.38724 78.38724 NA 83.28644 128.60406 90.63524 68.58883 97.98404
"149" 56.82514 69.45294 55.77282 NA 77.871485 NA NA 65.76983 NA NA 68.400625 81.02843 48.932755 55.24666 NA 109.441 82.08075 71.55758 54.7205 125.22576 99.97015 72.6099 74.71453 49.45891 69.45294 165.21382 62.08672 145.219795 NA 103.653255 83.65923 70.50526 88.39466 NA 61.03441 NA 44.19733 61.03441 77.87148 109.967165 NA 250.977685 73.66221 77.87148 86.29002 NA 87.868495 149.42906 85.76386 65.24367 104.705575
"150" 56.24477 73.82125 52.72947 NA 93.741275 NA NA 72.063605 NA NA 73.23537 72.64949 49.800055 56.24477 NA 106.6307 87.88245 74.99302 56.24477 124.20719 90.81186 72.64949 83.19538 50.97182 59.76006 107.80247 60.93183 127.136605 NA 126.550725 75.578905 77.33655 80.85185 NA 53.90123 NA 46.87064 62.10359 64.44713 103.701285 NA 154.673105 72.64949 76.75067 91.39774 NA 92.56951 142.369565 101.94364 71.47772 114.833065
"151" 66.08205 69.56005 61.44471 NA 84.63139 NA NA 71.87872 NA NA 69.56005 74.19738 51.0107 56.80737 NA 105.49941 75.35672 64.92271 57.96671 126.36742 96.22473 64.92271 88.10939 48.69203 68.40071 137.96076 56.80737 122.30975 NA 88.109395 80.57372 75.35672 84.63139 NA 56.80737 NA 47.5327 61.44471 67.24138 122.30975 NA 198.825805 77.67539 71.87872 83.47206 NA 92.16706 124.04875 100.2824 59.705705 80.57372
"152" 57.64515 66.18517 59.78016 NA 90.737735 NA NA 74.72519 NA NA 74.72519 76.8602 53.37514 55.51014 NA 102.48027 68.32018 57.64515 57.64515 113.15529 91.80524 70.45518 87.53523 49.10513 66.18517 130.23534 61.91516 111.02029 NA 104.61527 74.725195 76.8602 85.40022 NA 57.64515 NA 49.10513 61.91516 66.18517 120.627815 NA 168.66544 78.99521 76.8602 93.94024 NA 82.197715 135.572855 81.130215 57.64515 100.34526
"153" 58.29672 69.45993 63.25815 NA 89.925795 NA NA 66.979215 NA NA 71.32046 89.30562 51.474765 60.77743 NA 99.22847 76.90206 64.4985 58.29672 111.63202 89.30562 69.45993 79.38277 50.85459 55.81601 121.55487 59.53708 104.18989 NA 99.848645 70.70028 66.97921 89.30562 NA 63.25815 NA 52.09494 62.01779 69.45993 93.02669 NA 166.82786 73.18099 73.18099 80.62313 NA 79.38277 107.910955 96.747755 66.97921 92.40651
"154" 66.61895 63.72247 60.826 NA 73.86014 NA NA 72.4119 NA NA 70.963665 81.10133 49.24009 55.03304 NA 112.96257 72.4119 63.72247 55.03304 112.96257 98.48019 72.4119 86.89428 49.24009 69.51543 167.99561 60.826 127.44495 NA 95.58371 76.756615 78.20485 107.16961 NA 66.61895 NA 49.24009 60.826 75.30838 110.06609 NA 263.57932 81.10133 68.06719 78.20485 NA 82.54957 124.54847 79.65309 66.61895 95.58371
"155" 55.59399 62.13446 57.22911 NA 91.56658 NA NA 72.762725 NA NA 71.945165 67.03981 46.60085 53.95887 NA 114.45822 72.762725 62.13446 60.49934 117.72845 93.20169 65.4047 76.85052 47.41841 63.76958 142.25522 55.59399 94.83681 NA 103.0124 69.49249 73.58028 88.29634 NA 55.59399 NA 45.78329 60.49934 63.76958 120.18113 NA 215.01794 73.58028 73.58028 81.75587 NA 94.01925 115.275775 86.661225 61.3169 105.46507
"156" 69.95496 68.4004 63.73674 NA 90.16416 NA NA 71.50951 NA NA 76.95045 80.83684 54.40941 57.51852 NA 105.70971 73.06406 60.62763 59.07307 116.59159 93.27327 65.29129 73.06406 54.40941 57.51852 132.13714 62.18218 128.25075 NA 102.6006 89.386885 79.28228 91.71872 NA 62.18218 NA 52.85486 63.73674 63.73674 106.48699 NA 181.88288 68.4004 73.06406 93.27327 NA 85.5005 125.14164 78.505005 65.29129 90.16416
"157" 61.40754 74.68485 53.10923 NA 71.78044 NA NA 70.53569 NA NA 70.53569 80.49367 46.47057 57.25838 NA 96.26047 73.02518 72.19535 56.42855 113.68694 91.696395 56.42855 76.34451 50.61973 66.38653 141.07138 63.0672 112.44219 NA 99.164885 79.663835 80.49367 78.83401 NA 58.08822 NA 49.7899 62.23737 69.70586 125.719495 NA 211.60707 73.02518 68.87603 78.83401 NA 84.227915 103.31404 76.759425 66.38653 89.206905
"158" 56.04089 75.43966 64.66256 NA 82.98362 NA NA 72.20653 NA NA 71.12882 79.7505 47.41921 58.19631 NA 105.61552 68.9734 58.19631 62.50715 114.2372 94.83843 77.59508 86.21675 49.57463 64.66256 155.19015 60.35173 114.237195 NA 99.14926 79.7505 77.59508 86.21675 NA 62.50715 NA 49.57463 62.50715 73.28424 109.92636 NA 215.54188 75.43966 67.89569 84.06133 NA 84.06133 142.25764 91.6053 58.19631 89.44988
"159" 62.3977 69.1434 57.33843 NA 97.81262 NA NA 67.45698 NA NA 73.359465 89.3805 54.808795 53.96558 NA 99.49904 74.20268 74.20268 59.02486 114.67686 97.81262 59.02486 62.3977 48.90631 69.1434 175.38814 60.71128 101.18547 NA 81.791585 74.202675 84.32122 87.69407 NA 64.08413 NA 48.90631 64.08413 77.57552 96.12619 NA 279.10325 74.20268 70.82983 72.51625 NA 89.3805 124.79541 97.812615 70.82983 95.28298
"160" 57.53832 65.04332 65.04332 NA 80.05332 NA NA 70.04665 NA NA 68.79582 90.05998 52.53499 60.03999 NA 107.57165 65.04332 55.03666 60.03999 117.57831 91.310815 67.54499 77.55165 47.53166 62.54166 170.1133 62.54166 105.069985 NA 91.310815 77.55165 85.05665 105.06998 NA 65.04332 NA 50.03332 62.54166 65.04332 112.57498 NA 240.15996 75.04999 65.04332 87.55832 NA 77.55165 141.344145 98.815815 60.03999 82.55499
"161" 59.82374 76.6971 58.28979 NA 83.59984 NA NA 70.56133 NA NA 74.396185 64.42556 52.921 55.98888 NA 107.37594 79.76498 73.62921 58.28979 121.18142 96.63834 73.62921 81.29892 52.15403 69.02739 125.78324 59.82374 124.2493 NA 92.03652 72.86224 78.23104 90.50258 NA 65.9595 NA 49.08614 62.89162 70.56133 117.34656 NA 184.84001 76.6971 78.23104 78.23104 NA 83.59984 141.12266 96.63834 69.79436 114.27868
"162" 60.54597 74.58562 54.40363 NA 86.870305 NA NA 73.2694 NA NA 71.51444 97.40004 50.454975 56.15858 NA 90.38022 84.23787 85.99283 58.79102 108.80725 88.18652 57.91354 67.56579 54.40363 60.54597 113.19464 57.91354 118.02077 NA 102.66491 74.58562 80.72796 89.50274 NA 57.03606 NA 47.3838 62.30093 71.0757 95.206345 NA 157.507275 71.0757 82.48292 77.21805 NA 97.83878 125.040595 87.309045 71.0757 103.981125
"163" 62.39929 74.87915 71.31348 NA 81.11908 NA NA 73.09631 NA NA 80.22766 74.87915 57.9422 60.61646 NA 98.05603 72.204895 64.18213 57.05078 108.75305 92.70752 73.09631 73.09631 51.70227 65.96497 133.71277 60.61646 123.90717 NA 90.033265 80.22766 76.66199 82.0105 NA 64.18213 NA 51.70227 64.18213 73.09631 98.05603 NA 201.46057 76.66199 72.204895 85.57617 NA 81.11908 139.06128 77.553405 66.856385 87.35901
"164" 73.89123 83.27425 64.50822 NA 79.755615 NA NA 65.09466 NA NA 74.47767 73.89123 49.84726 60.98959 NA 96.17589 80.92849 80.92849 52.77945 97.34877 82.10137 76.23699 59.81671 55.12521 57.47096 105.5589 60.98959 105.558905 NA 91.484385 75.65055 68.02685 78.58274 NA 60.98959 NA 51.60658 62.16247 70.3726 95.58945 NA 150.71466 68.02685 69.786165 82.10137 NA 76.23699 116.701235 68.02685 71.54548 98.52164
"165" 61.89008 71.41163 54.74891 NA 91.049825 NA NA 73.79201 NA NA 75.577305 88.07434 50.583235 60.69988 NA 103.54686 79.74298 65.46066 58.31949 120.20957 92.83511 80.93318 74.98221 51.17833 65.46066 115.44879 58.31949 115.448795 NA 100.57137 82.718465 82.12337 89.26453 NA 61.89008 NA 51.17833 64.27046 77.36259 119.614475 NA 164.24674 73.79201 74.38711 83.31356 NA 86.289045 129.73112 94.620405 64.27046 98.78608
"166" 63.61203 78.6476 54.35937 NA 91.9483 NA NA 67.08178 NA NA 75.17785 76.33444 49.73304 54.35937 NA 87.90026 86.74368 80.96077 55.51595 114.50165 91.37001 57.82912 76.33444 53.20279 58.9857 108.71874 61.29887 108.718745 NA 104.670705 76.91273 69.39494 75.17785 NA 56.67254 NA 45.10671 61.29887 69.39494 123.17602 NA 152.09058 70.55152 80.382475 79.80418 NA 94.26146 124.910895 83.85222 69.39494 94.261465
"167" 61.51683 69.82991 53.20374 NA 77.31169 NA NA 64.84206 NA NA 70.66122 81.46823 49.0472 56.52898 NA 113.05795 84.79347 68.1673 61.51683 124.69627 101.41964 58.19159 79.80561 49.87851 71.49253 176.2374 61.51683 130.515435 NA 104.74487 76.48038 76.48038 88.1187 NA 63.17944 NA 46.55328 61.51683 74.81776 107.238795 NA 304.258905 76.48038 74.81776 78.143 NA 93.10655 138.828515 94.769165 68.998605 95.600475
"168" 65.62591 78.12608 65.62591 NA 85.15743 NA NA 70.31347 NA NA 74.219775 75.00104 53.125735 59.37582 NA 92.18877 87.50121 89.06373 54.68826 106.25147 90.62625 57.8133 70.31347 57.8133 62.50086 139.06442 64.06339 134.376855 NA 91.40751 79.6886 82.81364 84.37617 NA 67.18843 NA 51.56321 64.06339 67.18843 111.72029 NA 212.50294 75.00104 80.46986 81.25112 NA 85.15743 117.18912 85.15743 74.219775 98.43886
"169" 44.94554 70.2274 58.99102 NA 93.40245 NA NA 70.2274 NA NA 74.44105 70.2274 51.96828 51.96828 NA 101.12746 90.593355 96.91382 54.77738 127.81388 90.593355 56.18192 61.80012 56.18192 60.39557 127.81388 63.20466 112.36385 NA 99.020645 68.120585 71.63195 64.60921 NA 54.77738 NA 44.94554 60.39557 71.63195 120.791135 NA 200.148105 74.44105 81.46379 71.63195 NA 101.829735 127.1116 106.745655 75.143325 94.806995
"170" 72.652 77.84142 64.86785 NA 89.517635 NA NA 70.05728 NA NA 83.030855 90.81499 59.67842 59.67842 NA 103.78856 83.03085 88.22028 62.27314 127.14099 101.19385 59.67842 72.652 54.489 67.46257 168.65642 64.86785 125.843635 NA 92.11235 79.13878 75.24671 98.59914 NA 62.27314 NA 49.29957 64.86785 70.05728 110.27535 NA 262.06613 77.84142 79.13878 75.24671 NA 90.81499 132.33042 112.870065 70.05728 101.19385
"171" 67.63667 69.62598 67.63667 NA 73.60461 NA NA 73.60461 NA NA 73.60461 83.55118 50.7275 61.66873 NA 105.43363 65.64735 61.66873 59.67941 109.41226 95.48706 59.67941 77.58324 49.73284 67.63667 155.16647 59.67941 118.36417 NA 89.51912 75.59392 81.56186 93.49775 NA 61.66873 NA 53.71147 63.65804 73.60461 107.422945 NA 232.74971 75.59392 71.6153 73.60461 NA 72.609955 130.30005 97.476375 67.63667 95.48706
"172" 58.92255 74.24241 54.20874 NA 84.84847 NA NA 64.225575 NA NA 69.528605 80.13466 53.03029 55.976415 NA 111.95284 89.56227 83.67002 53.03029 121.38045 90.74072 51.85184 76.59931 51.85184 57.7441 130.80805 58.92255 109.59594 NA 105.471355 69.528605 74.24241 69.52861 NA 57.7441 NA 45.95959 60.101 73.06396 105.47136 NA 194.444405 69.52861 77.77776 86.02692 NA 94.8653 107.82826 81.90234 70.70706 94.27607
"173" 55.19537 73.59383 59.79499 NA 82.79306 NA NA 64.3946 NA NA 73.59383 82.79306 52.895565 55.19537 NA 110.39074 82.79306 73.59383 64.3946 119.58997 91.99229 55.19537 87.39267 50.59576 64.3946 165.58612 59.79499 163.28631 NA 108.090935 87.39267 82.79306 78.19344 NA 59.79499 NA 45.99614 64.3946 73.59383 114.99036 NA 250.67898 73.59383 73.59383 82.79306 NA 91.99229 124.189585 101.19152 68.99422 96.5919
"174" 49.44972 62.21094 57.42548 NA 84.54307 NA NA 61.413365 NA NA 74.97216 74.97216 51.044875 54.23518 NA 119.63642 80.555195 82.94792 62.21094 129.20734 97.30429 63.80609 78.16246 49.44972 63.80609 173.8716 65.40125 137.980675 NA 98.899445 81.35277 82.94792 86.13823 NA 63.80609 NA 46.25942 62.21094 79.75762 109.267935 NA 287.12742 74.97216 70.1867 79.75762 NA 78.96004 149.14674 90.126105 74.97216 118.04127
"175" 65.42746 69.45377 60.39458 NA 82.539265 NA NA 64.924175 NA NA 68.95048 77.50638 54.85841 60.39458 NA 86.56557 75.996515 84.55241 57.37485 100.65764 88.57872 68.44719 70.46035 55.3617 60.39458 172.12456 63.41431 94.61818 NA 102.67079 65.93075 73.48007 72.4735 NA 65.42746 NA 51.33539 64.42089 64.42089 99.65106 NA 263.21972 71.46692 78.00967 68.44719 NA 78.009665 93.611605 93.108315 72.976785 93.108315
"176" 77.27333 67.61416 61.81866 NA 68.58008 NA NA 77.27333 NA NA 67.61416 90.79616 56.023165 63.7505 NA 100.45533 71.47783 69.546 59.88683 108.18266 100.45533 75.3415 61.81866 52.1595 71.47783 173.86499 61.81866 125.56916 NA 92.72799 85.00066 73.40966 83.06883 NA 65.68233 NA 52.1595 65.68233 75.3415 100.45533 NA 253.07015 79.20516 65.68233 63.7505 NA 79.20516 131.36466 94.65983 64.716415 91.762075
"177" 69.16959 63.40545 58.79415 NA 71.475235 NA NA 73.204475 NA NA 69.746 83.0035 53.03002 57.64132 NA 94.53177 71.47524 66.86393 54.18284 99.14307 97.99025 62.25263 61.0998 53.03002 70.32241 174.07679 57.64132 122.77601 NA 101.448725 73.78089 81.85068 74.93372 NA 70.32241 NA 51.87719 63.40545 76.08654 104.33079 NA 241.517135 79.54502 69.746 72.62806 NA 72.628065 131.42221 95.68459 64.55828 104.907205
"178" 62.66784 72.56276 59.36953 NA 89.0543 NA NA 75.86107 NA NA 73.38734 80.80853 60.19411 54.42207 NA 107.19499 79.15938 62.66784 54.42207 115.44076 85.75599 61.01869 84.10684 51.12376 62.66784 130.28314 59.36953 112.14245 NA 95.650915 82.45768 80.80853 80.80853 NA 62.66784 NA 47.82546 62.66784 74.21192 91.52803 NA 190.47725 69.26445 74.21192 79.15938 NA 90.703455 126.984835 78.3348 69.264455 95.65091
"179" 57.10301 70.15512 57.10301 NA 69.339365 NA NA 70.97088 NA NA 75.86542 76.68118 59.550275 60.36603 NA 97.89087 73.41815 70.15512 63.62906 130.52115 97.89087 68.52361 75.04966 50.57695 73.41815 200.67628 66.89209 129.705395 NA 100.33814 79.944205 78.31269 96.25935 NA 61.99755 NA 48.94543 61.99755 71.78664 137.86297 NA 296.935625 75.04966 70.97088 71.78664 NA 78.31269 129.705395 86.47027 64.44482 102.78541
"180" 63.30876 69.80197 58.43886 NA 84.41168 NA NA 74.67187 NA NA 73.04857 77.91847 47.07574 56.81555 NA 97.39809 78.730125 79.54178 58.43886 105.5146 90.90489 66.55536 64.93206 55.19225 64.93206 149.34374 60.06216 112.81946 NA 94.96314 68.17866 81.16508 73.04857 NA 64.93206 NA 50.32235 64.93206 69.80197 90.093235 NA 219.95736 73.04857 81.16508 79.54178 NA 93.33984 115.25441 80.35343 66.55536 100.6447
"181" 66.80961 71.41717 57.59449 NA 94.45497 NA NA 73.72095 NA NA 73.72095 85.23985 61.05016 57.59449 NA 105.97387 71.41717 64.50583 62.20205 108.27765 99.06253 71.41717 66.80961 50.68315 64.50583 172.78348 57.59449 138.22679 NA 93.30308 73.72095 76.02473 80.63229 NA 57.59449 NA 50.68315 62.20205 85.23985 89.84741 NA 252.26388 78.32851 71.41717 78.32851 NA 88.69552 135.92301 78.32851 65.65772 92.15119
"182" 65.95934 76.26549 61.83688 NA 90.69409 NA NA 74.20426 NA NA 75.234875 84.5104 57.71442 57.71442 NA 107.18393 80.38795 68.02057 53.59196 111.30639 90.69409 78.32672 84.5104 53.59196 70.0818 125.73499 57.71442 113.367615 NA 85.541015 75.234875 78.32672 103.06147 NA 65.95934 NA 51.53073 63.89811 76.26549 103.06147 NA 185.51064 72.14303 76.26549 90.69409 NA 75.234875 142.22483 89.663475 65.95934 103.06147
"183" 59.12174 77.68321 63.24651 NA 61.184125 NA NA 76.99575 NA NA 74.58963 89.37007 52.93458 61.18412 NA 103.80677 70.80859 72.87098 59.12174 106.55662 95.55723 70.80859 68.74621 50.52846 68.05874 159.4912 61.18412 120.99332 NA 91.432455 80.77679 76.99575 79.05814 NA 65.3089 NA 52.93458 64.62143 78.37067 93.49484 NA 218.956665 75.62083 66.34009 65.99636 NA 68.402475 125.118095 96.93215 70.46486 93.49484
"184" 62.47342 75.25208 65.31312 NA 93.710135 NA NA 78.801705 NA NA 73.83223 92.29028 52.53447 58.21387 NA 103.64909 84.481105 80.93148 59.63372 117.84759 96.54984 83.77118 76.67193 55.37417 66.73297 130.62625 62.47342 120.687295 NA 93.00021 75.25208 83.77118 89.45058 NA 63.89327 NA 51.11462 65.31312 76.67193 105.06894 NA 204.45848 82.35133 69.57268 73.83223 NA 96.54984 136.30565 91.580355 66.73297 102.939165
"185" 58.86636 68.67742 54.94193 NA 82.4129 NA NA 70.63963 NA NA 73.582945 80.45069 51.01751 52.97972 NA 98.11059 80.45069 90.26175 56.90414 117.73271 98.11059 54.94193 66.7152 54.94193 64.75299 166.78801 60.82857 115.7705 NA 117.73271 74.56405 74.56405 80.45069 NA 60.82857 NA 49.0553 60.82857 66.7152 89.28064 NA 262.93639 76.52626 75.545155 60.82857 NA 82.4129 131.468195 86.33732 76.52626 101.053915
"186" 59.45449 68.96721 59.45449 NA 72.53448 NA NA 71.34539 NA NA 78.47993 85.61447 59.45449 57.07631 NA 99.88355 80.85811 76.10175 57.07631 102.26173 87.99265 57.07631 73.72357 52.31995 66.58903 142.69078 66.58903 111.77445 NA 95.12719 86.80356 78.47993 73.72357 NA 57.07631 NA 47.56359 64.21085 66.58903 82.0472 NA 228.30525 73.72357 73.72357 83.23629 NA 79.66902 118.90899 74.91266 66.58903 97.50537
"187" 60.36232 69.50813 64.02064 NA 85.056 NA NA 72.25187 NA NA 71.33729 71.33729 49.38735 56.704 NA 102.43303 76.82477 78.65393 58.53316 113.408 95.11638 58.53316 65.8498 53.04568 67.67897 170.112 64.02064 135.35793 NA 97.86013 75.91019 84.14142 84.14142 NA 60.36232 NA 47.55819 64.02064 71.33729 103.34761 NA 260.65548 80.48309 65.8498 76.82477 NA 89.6289 132.61419 85.97058 69.50813 85.97058
"188" 56.66042 69.88119 60.43778 NA 101.98876 NA NA 81.21327 NA NA 75.54723 83.10195 56.66042 56.66042 NA 105.76612 79.32459 62.32646 60.43778 120.87557 94.43404 60.43778 75.54723 51.93872 64.21514 117.0982 62.32646 118.986885 NA 106.71046 86.87931 71.76987 83.10195 NA 54.77174 NA 50.99438 62.32646 75.54723 100.10008 NA 160.53786 79.32459 73.65855 96.32272 NA 96.32272 150.15012 103.87744 66.10383 89.71233
"189" 54.53053 65.89105 65.89105 NA 85.203945 NA NA 68.16316 NA NA 72.707365 77.25158 52.25842 56.80263 NA 104.51684 70.43526 65.89105 61.34684 120.42158 93.15631 65.89105 79.52368 49.98631 70.43526 140.87052 61.34684 117.01342 NA 107.925 80.659735 72.70737 79.52368 NA 63.61895 NA 47.71421 61.34684 70.43526 101.10868 NA 196.5371 74.97947 74.97947 79.52368 NA 87.47605 132.918155 82.93184 63.61895 88.612105
"190" 62.90105 78.62632 62.90105 NA 88.236205 NA NA 75.13181 NA NA 76.87907 80.37357 58.532925 57.6593 NA 103.08784 85.61532 78.62632 59.40655 120.56035 94.35158 52.41755 76.87907 54.1648 64.64831 122.30761 62.90105 111.824095 NA 96.972455 82.994445 80.37357 87.36258 NA 57.6593 NA 48.92304 62.90105 69.89006 117.939475 NA 167.736145 78.62632 74.258185 89.10983 NA 97.846085 124.05486 75.131815 69.89006 106.58234
"191" 51.58452 67.87437 63.8019 NA 79.41301 NA NA 64.480645 NA NA 67.87437 66.51688 47.51206 55.65698 NA 89.59416 77.37678 80.09175 52.94201 118.1014 79.41301 42.08211 69.23185 51.58452 61.08693 130.31878 63.8019 120.137625 NA 97.73909 66.51688 67.87437 70.58934 NA 58.37196 NA 47.51206 61.08693 66.51688 105.88401 NA 198.19315 65.15939 75.340545 70.58934 NA 85.5217 127.60381 90.27291 67.87437 93.66663
"192" 57.32518 64.31605 57.32518 NA 74.802365 NA NA 66.413315 NA NA 66.413315 81.09415 55.227915 53.13065 NA 104.86313 71.30693 58.72335 57.32518 111.854 95.0759 61.5197 78.2978 47.53795 65.71423 174.77188 58.72335 120.24305 NA 97.87225 80.395065 72.7051 76.89963 NA 61.5197 NA 47.53795 60.12153 75.50145 113.25218 NA 267.75052 78.2978 69.90875 75.50145 NA 75.501455 130.030275 88.08503 57.32518 83.191415
"193" 66.9136 70.00192 64.85472 NA 83.38464 NA NA 73.60496 NA NA 78.23744 73.09024 60.22224 59.70752 NA 96.76736 76.17856 76.17856 57.64864 108.0912 88.53184 59.70752 84.41408 52.50144 65.88416 140.00384 63.82528 111.17952 NA 96.25264 74.6344 78.23744 74.11968 NA 64.85472 NA 48.38368 63.82528 65.88416 114.78256 NA 195.07888 70.00192 70.00192 77.208 NA 81.32576 102.944 88.53184 69.4872 91.10544
"194" 57.47526 68.97031 63.22278 NA 85.25496 NA NA 74.71783 NA NA 73.75991 86.21288 55.55941 57.47526 NA 105.3713 71.84407 65.13862 55.55941 105.3713 90.04457 70.88615 72.80199 49.81189 70.88615 141.7723 61.30694 120.69804 NA 95.79209 68.97031 74.71783 93.87625 NA 63.22278 NA 53.64357 61.30694 74.71783 108.245065 NA 213.61637 82.3812 69.92823 86.21288 NA 78.54952 127.40348 91.96041 70.88615 93.87625
"195" 53.98179 68.18752 57.76998 NA 96.59899 NA NA 72.449245 NA NA 72.92277 74.81686 50.19359 57.29646 NA 98.49309 74.81686 71.97572 56.82294 110.80472 93.75784 58.71703 80.49916 53.98179 66.29342 136.37505 62.50523 121.22226 NA 110.3312 69.608095 68.18752 76.71096 NA 58.71703 NA 48.2995 61.55818 69.13457 102.754805 NA 204.089045 74.81686 71.97572 83.34031 NA 90.9167 116.960545 83.81383 64.872855 89.96965
"196" 54.46489 68.91475 61.13405 NA 83.920385 NA NA 71.13781 NA NA 68.91475 76.69545 53.35336 53.909125 NA 105.59519 81.14156 71.13781 60.02253 125.60269 102.2606 55.57641 77.80698 48.90724 81.14156 156.72549 61.13405 137.273745 NA 98.370255 71.13781 75.58392 83.36462 NA 64.46864 NA 46.68419 61.13405 76.69545 112.264355 NA 245.09198 81.14156 68.91475 80.03004 NA 96.147195 136.162215 97.258725 66.135935 94.4799
"197" 53.04883 73.38422 53.93298 NA 78.6891 NA NA 72.942145 NA NA 73.82629 83.10984 53.04883 55.70127 NA 93.7196 78.247025 74.26836 54.81713 108.7501 90.625085 64.54275 75.15251 52.606755 60.12201 143.23185 60.12201 143.67392 NA 94.60375 75.594585 73.38422 80.45739 NA 55.70127 NA 49.51224 63.6586 66.31104 120.686095 NA 217.942285 76.03666 74.26836 76.92081 NA 93.27753 110.5184 86.20435 70.731775 90.62509
"198" 61.7257 75.87117 61.7257 NA 73.29927 NA NA 67.512485 NA NA 70.727365 81.01498 51.43808 59.1538 NA 108.01997 65.58356 75.87117 56.58189 101.59021 95.80343 68.15546 73.29927 52.72404 72.01332 178.74734 60.43975 123.4514 NA 90.659625 73.29927 74.58522 92.58855 NA 61.7257 NA 50.15213 63.01165 81.01498 124.094375 NA 270.049935 70.72736 70.727365 66.86951 NA 73.29927 116.37866 84.87284 68.798435 90.659625
"199" 64.54014 81.58848 63.3224 NA 74.89092 NA NA 69.4111 NA NA 75.49979 86.45944 48.70954 57.23371 NA 96.20135 73.06431 69.4111 57.23371 112.03195 91.33039 60.88693 74.28205 52.36276 65.75788 127.86255 62.10467 117.51177 NA 112.64082 79.761875 75.49979 76.71753 NA 59.66919 NA 49.92728 63.3224 68.19336 113.858555 NA 182.05191 68.19336 69.4111 68.19336 NA 80.37074 128.47142 74.89092 69.4111 90.72152
"200" 61.92979 77.94611 59.79428 NA 84.35264 NA NA 74.20897 NA NA 74.20897 83.28489 54.4555 55.52326 NA 102.50447 79.547745 76.87836 57.65877 116.38529 91.82692 56.59101 76.87836 54.4555 65.13305 140.94365 60.86203 112.11427 NA 99.301205 76.87836 75.8106 79.01387 NA 58.72652 NA 48.04897 61.92979 66.20081 96.097945 NA 199.670175 75.8106 75.276725 77.94611 NA 84.88652 135.071 94.49631 69.404075 92.3608
"201" 58.89423 68.70994 62.82051 NA 70.67308 NA NA 68.70994 NA NA 70.67308 86.3782 51.04167 58.89423 NA 113.86218 62.82051 53.00481 58.89423 111.89904 98.15705 68.70994 70.67308 47.11538 76.5625 176.68269 60.85737 130.54888 NA 83.43349 80.48878 80.48878 82.45192 NA 56.93109 NA 51.04167 62.82051 72.63622 108.95433 NA 269.93189 72.63622 63.80208 78.52564 NA 68.70994 120.73317 69.69151 60.85737 94.23077
"202" 53.54835 78.0276 61.19812 NA 99.446935 NA NA 69.612855 NA NA 73.43774 78.0276 52.783375 55.84328 NA 104.0368 85.67736 76.49765 61.19812 120.86628 91.032195 64.25802 88.73727 53.54835 62.72807 125.45614 62.72807 151.465335 NA 116.27642 76.49765 68.84788 76.49765 NA 58.13821 NA 48.95849 62.72807 64.25802 115.51144 NA 194.30402 78.0276 75.73267 88.73727 NA 103.27182 131.57595 90.26722 73.43774 95.622055
"203" 61.35209 69.21775 62.92522 NA 75.51027 NA NA 64.49835 NA NA 73.93714 78.65653 48.76705 55.05957 NA 111.69227 72.36401 59.77896 59.77896 116.41167 102.25349 64.49835 81.80279 47.19392 69.21775 152.59367 58.20583 123.490755 NA 95.174405 76.296835 75.51027 94.38784 NA 61.35209 NA 47.19392 61.35209 84.94905 131.356405 NA 227.317375 75.51027 64.49835 73.93714 NA 80.22966 128.99671 86.52218 62.92522 91.24158
"204" 61.08649 66.74265 58.82403 NA 83.711115 NA NA 69.00511 NA NA 69.570725 84.84235 55.43033 55.99595 NA 110.86067 70.13634 74.66127 58.82403 101.81082 91.62974 65.61142 76.92373 52.03664 71.26757 157.24115 62.21772 103.507665 NA 111.9919 74.661265 76.92373 79.18619 NA 59.95526 NA 50.90541 63.34895 76.92373 108.03259 NA 230.20557 81.44865 74.661265 80.31742 NA 80.31742 114.254365 84.84235 67.87388 90.4985
"205" 61.3483 79.7528 59.30336 NA 86.9101 NA NA 63.904485 NA NA 69.52808 70.55055 53.679765 55.21347 NA 106.33706 89.97751 93.04493 56.23595 129.85391 95.08987 59.30336 76.68538 54.702235 73.61797 139.05616 61.3483 126.786495 NA 104.803355 78.219085 77.70785 93.04493 NA 60.32583 NA 49.07864 63.39325 69.52808 132.410095 NA 189.66851 76.68538 84.353915 81.79774 NA 85.887625 141.612335 108.893245 77.196615 116.56178
"206" 58.70373 67.08997 57.02648 NA 72.960345 NA NA 65.41272 NA NA 72.960345 77.15347 48.64023 57.865105 NA 105.66671 70.44447 65.41272 55.34923 109.02121 93.92596 60.38098 85.53972 48.64023 67.08997 172.75668 60.38098 125.7937 NA 102.31221 78.83072 80.50797 77.15347 NA 60.38098 NA 50.31748 62.05822 78.83072 100.63496 NA 239.84665 73.79897 77.15347 67.08997 NA 79.669345 114.891575 82.18522 62.05822 88.055585
"207" 61.68833 70.25615 59.97476 NA 76.68202 NA NA 73.68328 NA NA 72.8265 81.39432 57.404415 55.69085 NA 96.8164 82.2511 80.53754 57.40442 102.81388 87.3918 55.69085 76.25363 52.69211 63.40189 141.36908 59.11798 121.2347 NA 89.96214 82.251105 73.68328 92.53249 NA 59.97476 NA 47.97981 63.40189 69.39937 108.811355 NA 214.19558 74.54006 75.39684 65.97224 NA 85.67823 107.954575 73.25489 72.39811 96.38801
"208" 67.93335 67.93335 67.93335 NA 73.59446 NA NA 69.06557 NA NA 70.19779 81.52002 49.81779 58.87557 NA 113.22225 69.06557 65.6689 56.61112 108.69336 90.5778 70.19779 79.25557 49.81779 61.14001 160.77559 56.61112 123.41225 NA 96.23891 76.99113 70.19779 92.84224 NA 70.19779 NA 52.08223 63.40446 72.46224 112.090025 NA 241.163385 72.46224 67.93335 74.72668 NA 76.99113 118.88336 86.04891 64.53668 95.10669
"209" 67.21169 71.16531 59.30443 NA 72.15372 NA NA 64.246465 NA NA 73.14213 94.88709 52.38558 55.3508 NA 112.67841 69.1885 55.3508 57.32761 112.67841 92.91027 61.28124 67.21169 47.44354 69.1885 181.86691 61.28124 143.319035 NA 85.99142 76.10735 86.97983 88.95664 NA 63.25806 NA 49.42036 61.28124 79.07257 118.608855 NA 255.00904 79.07257 65.23487 73.14213 NA 77.09576 130.46974 100.817525 61.28124 97.852305
"210" 64.01551 67.62202 58.60575 NA 81.146425 NA NA 69.42527 NA NA 74.384225 74.83504 45.53216 52.745175 NA 107.2936 80.69561 73.03178 54.99924 115.40825 96.47408 57.70412 73.93341 49.58948 68.52365 146.96519 61.31063 123.9737 NA 102.78547 78.44154 74.83504 71.22853 NA 64.01551 NA 46.8846 61.31063 69.42527 113.15418 NA 235.32463 77.53992 76.187475 67.62202 NA 79.34317 123.52289 83.851305 68.52365 88.81025
"211" 64.7808 63.37252 63.37252 NA 64.07666 NA NA 72.52633 NA NA 73.93461 69.00563 53.51457 60.55597 NA 99.98776 63.37252 61.96424 54.92285 95.76292 90.12981 53.51457 73.23047 49.28974 69.00563 183.07617 60.55597 101.396035 NA 90.83395 70.41391 85.90497 76.04703 NA 67.59736 NA 52.1063 64.7808 73.23047 92.24223 NA 281.65565 71.82219 66.89322 66.18908 NA 77.455305 121.11193 66.18908 64.7808 77.4553
"212" 58.36331 70.7434 63.66906 NA 74.280575 NA NA 72.51199 NA NA 79.58633 84.89208 58.36331 60.13189 NA 90.19784 74.28057 70.7434 54.82614 113.18944 84.89208 49.52038 70.7434 54.82614 61.90048 99.04076 54.82614 98.15647 NA 94.6193 68.97482 76.04916 79.58633 NA 58.36331 NA 53.05755 63.66906 60.13189 122.03237 NA 140.602515 72.51199 76.04916 84.89208 NA 100.809345 114.95803 72.51199 64.553355 93.73501
"213" 59.22394 69.75264 56.59176 NA 72.384815 NA NA 67.12046 NA NA 76.33308 73.7009 51.985455 52.6435 NA 106.60309 82.91351 82.91351 56.59176 110.55135 94.7583 56.59176 85.54569 51.32741 60.54003 147.4018 60.54003 140.82137 NA 104.62896 72.38481 77.64916 80.28134 NA 60.54003 NA 47.37915 60.54003 73.7009 114.499615 NA 227.025095 67.12046 71.72677 78.96525 NA 88.835905 130.292665 83.571555 69.75264 101.33874
"214" 56.59594 67.91513 61.12362 NA 80.366235 NA NA 70.17897 NA NA 74.70664 72.4428 57.72786 58.85978 NA 108.6642 70.17897 58.85978 56.59594 115.45572 95.08118 63.38745 92.81734 49.80443 70.17897 140.35793 63.38745 122.247235 NA 100.74077 71.310885 70.17897 86.02583 NA 63.38745 NA 52.06826 63.38745 70.17897 133.566415 NA 200.34963 76.97048 71.310885 83.76199 NA 74.70664 125.64299 84.89391 63.38745 87.15775
"215" 64.66883 71.13571 61.43539 NA 71.13571 NA NA 71.13571 NA NA 69.51899 84.06948 56.58522 58.20194 NA 113.17045 74.36915 61.43539 61.43539 119.63733 97.00324 67.90227 80.83603 51.73506 64.66883 161.67207 61.43539 143.88814 NA 97.00324 79.21931 80.83603 87.30292 NA 67.90227 NA 51.73506 64.66883 77.60259 121.25405 NA 255.44187 77.60259 74.36915 77.60259 NA 74.36915 116.40389 85.6862 61.43539 84.06948
"216" 55.31206 67.27143 56.80698 NA 82.96809 NA NA 75.49349 NA NA 73.25111 85.21047 50.8273 56.05952 NA 109.1292 85.21047 80.72571 58.3019 113.61396 97.16984 71.75619 76.24095 52.32222 65.7765 162.94634 59.79682 132.30047 NA 108.38174 76.98841 73.25111 97.16984 NA 59.79682 NA 47.83746 62.78666 71.75619 115.85634 NA 254.13649 80.72571 75.49349 76.24095 NA 96.42238 135.29031 93.432535 67.27143 103.89698
"217" 61.54024 65.05683 61.54024 NA 70.3317 NA NA 66.81512 NA NA 72.969145 77.36488 50.99049 56.26536 NA 94.9478 75.60658 72.09 58.02366 119.5639 100.22268 59.78195 84.39805 52.74878 70.3317 177.58755 66.81512 124.83878 NA 87.035485 83.5189 75.60658 75.60658 NA 66.81512 NA 49.23219 63.29853 77.36488 89.672925 NA 259.348165 75.60658 72.09 70.3317 NA 80.88146 125.71792 80.002315 63.29853 100.22268
"218" 57.17144 70.03501 55.74215 NA 79.32537 NA NA 70.03501 NA NA 75.037515 75.75216 54.31287 53.598225 NA 105.76716 71.4643 70.03501 61.4593 111.4843 92.90359 60.03001 70.03501 50.73965 67.17644 155.79217 61.4593 112.198945 NA 101.479305 75.037515 82.89859 75.75216 NA 54.31287 NA 48.59572 62.88858 70.03501 86.4718 NA 210.105035 75.75216 67.891085 78.61073 NA 82.89859 117.91609 75.037515 65.74715 89.33037
"219" 61.79099 68.85282 54.72916 NA 93.56921 NA NA 71.501 NA NA 70.61827 91.80375 49.43279 54.72916 NA 116.52015 72.38373 58.26007 58.26007 121.81652 97.10012 63.55645 91.80375 51.19825 63.55645 135.94017 60.02553 112.989235 NA 97.10012 82.09374 77.6801 95.33467 NA 63.55645 NA 47.66733 60.02553 75.91464 118.28561 NA 203.02753 81.21101 70.61827 91.80375 NA 89.15557 121.81652 85.624655 61.79099 96.217395
"220" 61.91489 58.81914 61.91489 NA 83.5851 NA NA 75.0718 NA NA 78.94148 75.84574 54.17553 55.7234 NA 105.25531 69.65425 55.7234 60.36701 111.44679 99.06382 74.29786 91.32446 46.43616 66.5585 140.85637 58.81914 135.43881 NA 94.4202 79.715415 83.5851 88.22871 NA 57.27127 NA 51.07978 60.36701 77.39361 108.35105 NA 183.42285 77.39361 71.20212 85.13297 NA 83.5851 112.994665 89.776585 63.46276 92.098395
"221" 57.0352 60.5999 58.81755 NA 78.4234 NA NA 70.402825 NA NA 69.51165 74.8587 50.796975 57.926375 NA 98.02925 65.94695 60.5999 58.81755 103.3763 88.226325 51.68815 78.4234 46.3411 74.8587 183.58205 58.81755 116.743925 NA 93.573375 76.64105 83.77045 85.5528 NA 65.94695 NA 51.68815 60.5999 64.1646 112.28805 NA 261.114285 74.8587 66.838125 67.7293 NA 76.64105 120.308625 82.879275 61.491075 91.791025
"222" 67.4679 76.21374 62.47028 NA 75.589035 NA NA 68.71731 NA NA 71.84082 91.20661 54.97385 61.22087 NA 99.95245 73.71493 64.96909 56.22325 104.95007 87.45839 77.46315 76.21374 52.47503 59.97147 134.9358 63.71968 115.570015 NA 92.45601 86.20898 77.46315 88.7078 NA 63.71968 NA 52.47503 64.344385 69.96671 108.698285 NA 175.541485 72.46552 67.4679 71.21612 NA 73.090225 108.69828 86.83369 63.71968 88.7078
"223" 67.96572 78.16058 54.37258 NA 81.55887 NA NA 76.46144 NA NA 79.85973 78.16058 59.47001 54.37258 NA 96.85116 100.24944 98.5503 57.77087 122.3383 90.05459 56.07172 84.95716 57.77087 59.47001 113.84259 69.66487 129.98445 NA 100.249445 89.205015 67.96572 86.6563 NA 54.37258 NA 42.47858 61.16915 73.06315 106.196445 NA 171.61345 76.46144 85.80673 81.55887 NA 101.099015 134.232305 84.107585 74.7623 117.24087
"224" 63.29514 67.09285 60.76333 NA 65.82695 NA NA 64.56104 NA NA 72.15646 67.09285 55.69972 55.69972 NA 97.47452 70.89056 70.89056 58.23153 111.39945 91.145 58.23153 73.42236 50.63611 59.49743 137.9834 64.56104 116.46306 NA 100.63927 69.62465 73.42236 70.89056 NA 56.96563 NA 48.10431 60.76333 72.15646 122.15962 NA 203.81035 72.15646 70.257605 65.82695 NA 70.257605 125.95733 79.118925 65.82695 97.474515
"225" 61.06536 72.98055 56.59716 NA 72.98055 NA NA 69.25705 NA NA 74.46995 80.42754 54.36306 55.10776 NA 114.68372 81.91694 74.46995 62.55475 119.15191 95.32153 67.02295 92.34273 52.12896 61.06536 135.5353 65.53355 135.5353 NA 122.87541 89.36394 75.95935 95.32153 NA 59.57596 NA 44.68197 62.55475 65.53355 132.5565 NA 186.919565 70.00175 70.00175 89.36394 NA 81.17224 122.875415 94.57683 67.76765 97.55563
"226" 55.62241 75.48756 58.2711 NA 88.730995 NA NA 68.86585 NA NA 74.16322 76.81191 49.66287 55.62241 NA 104.62311 78.79842 72.83888 60.91979 117.86655 98.0014 60.91979 86.08231 52.97373 71.51453 140.38038 62.24413 148.98861 NA 108.596145 72.176705 71.51453 79.46059 NA 59.59544 NA 49.0007 62.24413 67.5415 122.50175 NA 213.881425 76.81191 75.48756 84.75797 NA 94.69054 144.35341 96.677055 71.51453 103.29877
"227" 69.12461 56.26422 57.87177 NA 77.96613 NA NA 70.73216 NA NA 65.90951 83.59255 46.61892 54.65667 NA 117.35108 65.105735 54.65667 54.65667 122.17373 99.66804 65.90951 81.985 45.01137 69.12461 173.6153 57.87177 131.819025 NA 90.02275 77.16236 80.37745 107.70579 NA 62.69441 NA 46.61892 61.08686 77.16236 123.78128 NA 267.65692 81.985 67.51706 80.37745 NA 76.358585 116.547305 105.294465 61.890635 86.003875
"228" 56.53307 65.95524 56.53307 NA 82.444055 NA NA 73.02188 NA NA 67.133015 73.02188 51.82198 56.53307 NA 110.71059 75.37742 58.88861 58.88861 131.91049 94.22178 61.24415 75.37742 47.11089 65.95524 127.1994 58.88861 126.021625 NA 101.28841 73.02188 68.31079 103.64395 NA 58.88861 NA 47.11089 58.88861 68.31079 114.243905 NA 201.399045 80.08851 73.02188 80.08851 NA 93.044005 121.310535 78.910735 63.5997 102.46618
"229" 61.29514 67.04156 63.21062 NA 67.04156 NA NA 69.914775 NA NA 75.661195 82.36535 46.929095 53.63325 NA 99.60461 68.95704 67.04156 57.4642 114.92839 90.02724 55.54872 78.5344 49.8023 70.87251 157.06881 61.29514 121.63255 NA 107.266505 72.78798 70.87251 99.60461 NA 63.21062 NA 49.8023 63.21062 70.87251 119.717075 NA 244.222835 72.78798 68.95704 65.12609 NA 83.323085 117.8016 75.66119 65.12609 82.36535
"230" 68.84598 76.49553 64.25625 NA 73.43571 NA NA 63.49129 NA NA 68.081025 82.61517 54.311825 58.1366 NA 96.38437 71.140845 68.84598 53.54687 97.91428 78.02544 59.66651 64.25625 52.01696 59.66651 145.34151 58.1366 112.448425 NA 102.50401 67.31607 71.9058 68.84598 NA 61.19642 NA 48.95714 62.72633 64.25625 107.09374 NA 214.952435 71.9058 67.31607 70.37589 NA 77.260485 116.273205 82.61517 67.31607 70.37589
"231" 59.03467 72.36508 57.13032 NA 73.31725 NA NA 69.50856 NA NA 76.17377 79.98245 48.560775 55.22598 NA 104.73893 91.40852 108.54762 55.22598 114.26065 95.21721 49.51295 62.84336 53.32164 66.65204 184.72138 64.7477 111.404135 NA 98.073725 73.31725 70.46073 81.8868 NA 68.55639 NA 45.70426 60.93901 70.46073 115.21282 NA 301.838545 81.8868 79.98245 74.26942 NA 78.07811 113.308475 89.504175 76.17377 91.40852
"232" 56.64086 69.4652 52.36608 NA 76.94607 NA NA 66.25912 NA NA 66.793465 70.5339 46.48825 52.900425 NA 102.59476 87.63302 82.28955 56.64086 106.86954 90.30476 55.57216 70.5339 52.900425 55.57216 136.79301 57.70955 110.609975 NA 110.075625 71.60259 70.5339 80.15216 NA 49.15999 NA 44.88521 58.77825 69.4652 98.319975 NA 226.02908 72.67129 81.7552 70.5339 NA 82.28955 90.83911 69.465205 72.67129 90.30476
"233" 57.7207 61.94416 59.12852 NA 76.72629 NA NA 69.687185 NA NA 70.3911 92.91625 53.49723 55.608965 NA 109.81011 66.87154 54.90505 60.53634 112.62575 92.212335 73.20674 85.87714 46.45812 68.98327 168.93863 56.31288 126.70397 NA 109.106195 80.24585 71.79892 108.40229 NA 68.98327 NA 49.27377 60.53634 76.02238 113.32966 NA 255.519675 80.24585 70.3911 76.02238 NA 71.09501 104.17882 74.61456 59.12852 80.94976
"234" 58.8304 63.73293 63.73293 NA 71.08673 NA NA 73.53799 NA NA 68.63546 88.24559 58.830395 58.8304 NA 107.85572 63.73293 58.8304 58.8304 102.95319 93.14813 68.63546 66.18419 49.02533 68.63546 149.52725 58.8304 129.917125 NA 106.63009 74.763625 68.63546 88.24559 NA 61.28166 NA 53.92786 63.73293 66.18419 104.178825 NA 208.35765 75.98926 71.08673 71.08673 NA 69.861095 127.465855 95.59939 58.8304 91.922495
"235" 60.70132 69.58444 56.25976 NA 84.389645 NA NA 66.6234 NA NA 72.54548 84.38964 47.37664 56.25976 NA 116.96109 76.98704 65.14288 59.2208 118.44161 102.15589 78.46756 88.83121 47.37664 68.10392 134.72733 63.66236 148.79227 NA 111.77927 80.68834 79.94808 87.35069 NA 57.74028 NA 47.37664 63.66236 75.50652 109.55849 NA 196.16891 74.026 72.54548 78.46756 NA 91.79225 125.84421 91.05199 61.44158 104.37667
"236" 59.004 66.3795 61.9542 NA 72.2799 NA NA 78.1803 NA NA 73.755 79.6554 51.6285 57.5289 NA 103.257 75.2301 70.8048 60.4791 118.008 95.8815 63.4293 72.2799 48.6783 73.755 159.3108 57.5289 124.64595 NA 98.8317 75.2301 73.755 87.0309 NA 63.4293 NA 50.1534 63.4293 70.8048 105.46965 NA 209.4642 76.7052 71.54235 76.7052 NA 95.14395 126.8586 89.9811 62.69175 92.19375
"237" 70.04574 64.48655 60.0392 NA 81.16411 NA NA 67.82206 NA NA 72.82533 81.16411 52.25634 58.92737 NA 100.06534 74.49308 72.26941 54.48002 108.96003 94.50615 66.71022 73.38125 52.25634 67.82206 156.76903 63.37471 121.74616 NA 99.50942 77.8286 76.71676 73.38125 NA 70.04574 NA 48.92083 62.26288 70.04574 102.84493 NA 234.597625 73.38125 73.381245 78.94043 NA 80.05227 125.08167 85.61146 67.82206 93.39431
"238" 55.64556 73.56532 55.64556 NA 87.240925 NA NA 65.07701 NA NA 75.923185 68.84959 48.100405 51.40141 NA 87.7125 94.31451 99.03024 51.87298 118.83629 90.54193 63.19072 68.84959 53.75927 49.04355 116.95 57.53185 145.715925 NA 110.34798 68.37802 67.90645 86.76935 NA 50.92984 NA 43.38468 58.475 66.9633 122.137295 NA 185.79959 74.50846 80.63891 78.28105 NA 107.04697 172.123985 102.331245 72.1506 103.27439
