"V1" "V2" "V3" "V4" "V5" "V6" "V7" "V8" "V9" "V10" "V11" "V12" "V13" "V14" "V15" "V16" "V17" "V18" "V19" "V20" "V21" "V22" "V23" "V24" "V25" "V26" "V27" "V28" "V29" "V30" "V31" "V32" "V33" "V34" "V35" "V36" "V37" "V38" "V39" "V40" "V41" "V42" "V43" "V44" "V45" "V46" "V47" "V48" "V49" "V50" "V51"
"1" 44.72203 65.84077 40.37406 68.325325 45.96431 57.14482 39.13178 55.90254 37.8895 35.40494 54.66026 63.97735 42.23748 47.20659 NA 69.56761 72.05216 83.23267 39.75292 70.80989 64.59849 42.858615 44.72203 45.96431 42.23748 145.34661 42.23748 108.07825 NA 88.20179 57.14482 49.07001 49.69115 NA 47.20659 NA 34.7838 48.44887 49.69115 70.18875 NA 270.81675 63.35621 58.3871 63.356215 49.691145 58.3871 85.09609 59.62938 60.87166 73.29444
"2" 46.64988 57.95894 43.82262 61.493025 50.89078 50.89078 41.702165 55.13168 42.408985 33.92719 60.78621 66.44074 40.99535 48.06351 NA 75.629355 73.50891 84.81797 39.58172 70.68164 63.61348 38.874905 49.47715 45.23625 41.702165 144.19054 46.64988 96.12703 NA 93.29976 57.95894 50.89078 42.40898 NA 45.23625 NA 33.92719 49.47715 48.06351 55.13168 NA 265.76296 61.493025 67.85437 62.199845 83.40433 63.61348 81.9907 50.89078 57.95894 69.26801
"3" 46.28369 64.70271 46.755975 68.48097 50.06195 54.78478 47.228255 49.11739 38.72717 30.22608 59.5076 60.92445 41.56087 47.22826 NA 76.50977 77.45434 87.84456 37.7826 73.203795 64.23043 41.56087 44.39456 46.28369 41.560865 133.655965 47.22826 98.23477 NA 93.51195 54.78478 50.534235 47.22826 NA 44.39456 NA 35.89347 48.17282 50.06195 65.17499 NA 242.75324 58.56304 64.23043 69.89782 74.62064 63.28586 68.95325 51.00652 57.61847 67.06412
"4" 49.17881 64.752095 50.8181 75.407505 50.8181 62.29316 40.98234 52.4574 48.359165 31.966225 60.65386 63.112805 47.53952 49.17881 NA 68.85033 72.12892 75.40751 37.70375 70.48963 63.93245 45.080575 42.62163 44.26093 45.080575 165.56866 47.53952 119.66843 NA 83.60397 55.73598 52.4574 51.63775 NA 49.17881 NA 37.70375 50.8181 57.37528 62.29316 NA 301.63003 55.73598 70.48963 59.01457 80.325385 55.73598 86.062915 50.8181 59.01457 63.93245
"5" 48.35191 60.43989 47.48849 72.52787 53.53248 64.75703 48.351915 50.94219 37.55908 34.53708 60.008175 59.57646 43.17135 50.94219 NA 71.23273 74.25472 79.43529 39.71764 70.369305 63.8936 40.58107 43.17135 47.48849 43.17135 122.60664 48.35191 94.11355 NA 83.75242 59.57646 51.80562 47.9202 NA 44.03478 NA 36.26394 50.94219 55.25933 72.959585 NA 217.58361 56.12276 66.48388 63.03017 87.637845 63.8936 81.16214 44.89821 59.57646 66.915595
"6" 48.38959 64.322745 40.12795 66.0931 47.20936 61.96228 41.603245 57.24134 41.603245 35.40702 52.52041 61.96228 41.30819 48.38959 NA 58.71664 67.86345 78.78061 36.58725 64.32275 57.24134 38.65266 44.25877 45.43901 38.94772 106.22105 42.19336 86.15707 NA 87.33731 56.65123 48.97971 49.274765 NA 47.79947 NA 35.99713 46.61924 50.15994 60.782045 NA 172.90427 56.35617 61.37216 63.14251 76.420145 50.75006 72.289325 40.71807 60.78205 63.73263
"7" 44.07921 62.904705 44.53837 69.79208 54.1807 69.79208 41.32426 48.67079 41.32426 32.14109 57.394805 67.03713 45.91584 47.75248 NA 67.49629 73.46535 84.94431 40.40594 75.30198 67.95545 42.24258 36.73267 43.16089 43.16089 139.58416 47.75248 103.76981 NA 88.15842 60.60891 46.83416 50.04827 NA 47.75248 NA 33.97772 48.67079 51.42574 61.52723 NA 250.7005 58.31312 65.2005 68.873765 72.547035 63.36386 84.94431 68.87376 52.34406 70.7104
"8" 46.9264 60.72828 44.166025 64.86885 42.78584 52.44715 39.335365 52.44715 40.715555 29.674045 55.897625 64.178755 38.64527 48.30659 NA 71.76979 70.3896 71.76979 40.02546 73.14998 67.62923 48.30659 46.9264 44.16603 42.78584 149.06033 45.54621 84.19149 NA 97.99337 56.58772 48.30659 52.44715 NA 46.9264 NA 34.50471 48.30659 55.20753 62.798565 NA 262.23577 55.20753 59.3481 60.72828 63.48866 55.20753 90.402335 49.68678 57.96791 69.699505
"9" 45.73311 65.96121 50.13052 58.04586 51.88949 68.59966 39.136985 52.76897 41.77543 38.2575 59.80483 67.280435 43.09466 51.88949 NA 75.63552 70.35862 79.59319 40.45621 74.3163 64.20224 40.89595 42.21517 43.09466 41.33569 164.903025 48.811295 94.98414 NA 81.7919 60.68431 54.52793 43.09466 NA 51.88949 NA 36.93828 51.01 54.52793 67.720175 NA 283.19346 59.36509 63.32276 64.641985 75.63552 57.16638 84.43035 51.01 55.40742 65.081725
"10" 50.11073 70.69192 48.32106 59.05907 46.53139 66.21775 40.267545 51.9004 48.32106 39.37271 59.05907 58.164235 41.16238 51.9004 NA 68.902255 69.79709 78.74543 39.37271 66.21775 66.21775 48.32106 41.16238 44.74172 44.74172 159.28053 46.53139 116.32848 NA 84.11444 66.21775 50.11073 49.215895 NA 55.47973 NA 37.58305 51.9004 46.53139 59.05907 NA 289.92635 59.05907 57.2694 60.84874 60.84874 64.42808 84.11444 44.74172 57.2694 75.16609
"11" 45.25645 64.867575 45.25645 55.06201 45.25645 76.93596 41.485075 52.79919 46.764995 38.46798 61.85048 55.81628 49.78209 49.78209 NA 67.130395 72.41031 76.181685 40.7308 71.65604 66.37612 39.22225 39.22225 45.25645 44.502175 159.90611 46.01072 107.10692 NA 73.91886 60.34193 52.79919 42.23935 NA 49.78209 NA 37.71371 51.29064 52.79919 64.86757 NA 294.1669 55.81628 63.35903 64.1133 56.570555 61.85048 68.638945 51.29064 57.32483 67.130395
"12" 53.48963 65.64637 48.62694 67.26727 52.67919 69.69861 44.97992 51.05829 40.52245 36.87543 59.568005 68.482945 44.5747 51.86874 NA 64.430695 69.69861 87.933715 39.712 63.21502 57.54188 36.47021 37.28065 47.81649 38.496325 139.39723 47.411265 82.6658 NA 82.6658 59.97323 51.463515 45.790365 NA 47.81649 NA 38.90155 50.24784 44.5747 58.757555 NA 235.03021 56.73143 68.88817 59.97323 69.29339 60.78368 64.83592 46.19559 62.40457 62.809795
"13" 49.5691 67.01008 46.81526 59.66651 45.89732 61.50241 51.405 50.48705 40.848615 28.91531 57.371645 60.58446 40.38964 50.48705 NA 65.633165 68.84598 84.91004 39.47169 72.976735 61.50241 39.930665 46.81526 45.89732 39.47169 152.3791 44.97937 94.54847 NA 89.0408 56.91267 53.699865 44.97937 NA 48.65116 NA 37.6358 49.5691 49.5691 69.30495 NA 283.64542 55.535755 61.50241 63.797275 66.092135 56.91267 83.99209 47.73321 57.83062 61.043435
"14" 49.87392 67.159765 47.323545 59.792025 52.70766 52.14091 46.7568 56.10816 42.789555 32.021325 60.358775 63.19252 44.20643 47.60692 NA 64.60939 77.07787 79.061495 40.80593 69.99351 61.2089 37.97219 49.30717 46.756795 42.789555 103.14833 47.60692 88.41285 NA 78.77812 59.50865 50.157295 48.457045 NA 47.04017 NA 35.13844 48.74042 47.60692 56.391535 NA 168.89122 57.808405 64.60939 66.87639 64.326015 69.71014 71.41038 51.00742 60.0754 73.67738
"15" 47.63552 60.17119 47.00874 78.347895 55.15692 55.15692 31.33916 56.41049 43.24804 33.21951 62.051535 64.55867 46.38196 47.63552 NA 75.21398 72.70685 62.67832 37.60699 83.362165 71.45328 46.381955 50.14265 40.11412 48.262305 129.744115 46.38196 130.3709 NA 91.51034 60.17119 53.27657 63.93188 NA 51.39622 NA 35.09986 48.88909 55.15692 72.70685 NA 229.40264 60.17119 67.69258 68.319365 86.49608 58.91762 83.362165 55.15692 52.64979 84.61573
"16" 48.9715 65.96161 47.472375 64.462485 45.97325 57.96627 42.47528 51.96976 39.477025 36.97848 56.46714 63.962775 40.97615 45.97325 NA 67.96045 77.95463 72.45783 37.9779 73.95696 68.95987 41.97557 46.97266 42.97499 41.47586 120.92962 46.97266 127.92555 NA 74.95638 55.96743 49.97092 49.47121 NA 48.9715 NA 35.97906 47.97208 53.96859 69.45958 NA 215.87437 60.96452 66.96103 62.46365 85.949985 59.9651 92.94591 62.96336 56.96685 80.95289
"17" 44.19133 66.711915 53.5395 72.23583 50.99 65.43716 37.81758 58.6385 42.91658 31.868745 59.913245 71.38599 46.74083 50.14016 NA 67.13683 69.68633 65.43716 40.792 73.93549 64.58733 42.49166 49.29033 42.49166 47.165745 132.57399 45.04116 96.03116 NA 91.78199 55.23916 53.11458 45.04116 NA 50.99 NA 37.39266 49.29033 47.59066 65.012245 NA 216.70748 62.03783 66.287 60.76308 73.51058 62.03783 76.060075 46.74083 53.5395 69.26141
"18" 41.96975 64.56885 48.1576 73.716105 46.81241 62.95463 35.24383 55.42159 39.54842 36.319975 62.95463 68.066325 44.66012 45.19819 NA 68.066325 77.48262 71.025735 38.20324 76.675505 66.18307 45.736265 50.57893 45.19819 40.624565 116.762 44.66012 101.69594 NA 93.62483 54.88352 47.619525 43.85301 NA 50.04086 NA 34.97479 47.35049 50.57893 73.98514 NA 200.7015 59.726185 63.4927 65.10692 71.56381 62.41655 84.477575 52.73123 57.03582 73.17803
"19" 39.52379 65.40246 42.34692 84.22332 64.93194 55.52152 41.8764 60.22673 37.641705 41.876395 63.52038 73.401325 41.40588 45.17005 NA 62.10881 88.45801 76.694975 37.64171 77.1655 63.04986 49.40474 49.87526 48.93422 40.464835 72.46028 42.81744 95.04531 NA 81.87071 54.58047 48.93422 58.34464 NA 45.17005 NA 33.87754 47.05213 52.69839 76.224455 NA 121.3945 64.46142 69.63716 79.988625 67.75507 82.81175 91.28114 68.69611 62.10881 87.987485
"20" 50.23481 57.41122 46.64661 73.30182 51.26001 51.26001 36.90721 48.18441 39.47021 32.29381 53.31042 57.41122 43.05841 44.08361 NA 73.30182 73.81442 78.42782 36.90721 67.66322 58.43642 43.05841 41.00801 45.10881 39.98281 125.07444 47.15921 86.11682 NA 98.41923 51.26001 44.59621 55.87342 NA 46.13401 NA 33.83161 46.13401 52.28522 71.25142 NA 225.54407 58.43642 60.48682 58.43642 83.041225 59.46162 88.67983 47.15921 58.43642 70.73882
"21" 44.84025 57.65174 44.84025 69.395615 46.97549 50.17837 40.56975 53.38124 40.035935 34.164 58.71937 61.92224 43.77262 46.97549 NA 68.32799 72.59849 81.13949 38.4345 67.26037 61.92224 49.11074 43.77262 45.90787 44.306435 152.67036 42.705 109.96536 NA 88.61287 56.58412 48.57693 53.38124 NA 51.24599 NA 36.29925 49.11074 51.24599 90.214305 NA 277.58247 59.78699 64.05749 56.050305 81.673305 52.31362 75.267555 52.31362 55.51649 57.11793
"22" 42.94057 60.32127 47.03014 63.38845 41.91817 47.03014 34.76141 48.05254 48.563735 34.76141 60.832465 64.410845 41.91817 47.03014 NA 73.1012 73.6124 72.59 38.85099 73.6124 70.54521 40.38458 43.96296 43.96296 41.91817 146.7136 41.91817 114.50817 NA 87.92592 56.23169 53.675705 54.6981 NA 47.03014 NA 34.76141 48.05254 56.23169 74.123595 NA 263.77776 59.810075 63.38845 61.85486 75.657185 50.09733 80.25796 49.07493 57.25409 80.25796
"23" 49.45527 60.86802 45.65101 68.47652 40.57868 64.67227 41.21272 51.99143 38.676555 32.97018 57.06377 69.74461 43.11485 48.18718 NA 71.01269 73.54886 82.425445 40.57868 76.08502 67.20844 42.480805 39.3106 43.11485 39.3106 136.95304 43.11485 95.10628 NA 86.22969 59.59994 50.72335 51.35739 NA 49.45527 NA 35.50634 49.45527 55.79568 68.476525 NA 249.8125 56.429725 59.59994 60.86802 66.574395 62.1361 76.719065 50.72335 59.59994 64.67227
"24" 38.65112 63.49827 41.96408 60.73748 45.27703 49.6943 40.3076 50.79862 46.933505 36.994645 61.841795 66.25907 44.17271 46.38135 NA 70.67634 75.09361 78.40656 40.85976 73.98929 68.4677 48.589985 39.75544 44.17271 45.27703 122.57927 46.38135 115.95337 NA 86.13679 56.32021 53.00725 57.97668 NA 47.48566 NA 35.33817 47.48566 56.32021 87.793265 NA 208.71606 65.15475 62.94611 59.63316 70.124175 64.05043 92.762695 53.00725 58.52884 85.58463
"25" 48.54164 64.49104 48.54164 65.18449 45.76783 63.79759 44.38093 48.54164 47.84819 38.13986 54.08926 61.023775 41.60712 48.54164 NA 71.42556 69.3452 85.2946 38.83331 64.49104 63.79759 37.44641 41.60712 44.38093 40.91367 147.01183 45.76783 91.53567 NA 99.85709 54.08926 49.92855 48.54164 NA 41.60712 NA 36.05951 47.15474 59.63687 63.104135 NA 249.64273 54.08926 61.02378 62.410685 81.82734 49.92855 79.746985 44.38093 56.86307 61.71723
"26" 50.2057 62.96986 46.80192 85.0944 49.35475 57.86419 42.97267 52.75853 43.39814 32.761345 57.43872 63.820805 42.5472 46.80192 NA 65.09722 81.69063 81.69063 39.14342 74.03213 62.11891 39.568895 44.24909 48.50381 39.568895 107.21895 45.95098 98.70951 NA 80.83968 60.41702 47.22739 55.31136 NA 44.24909 NA 35.73965 48.50381 51.90758 72.33024 NA 184.65485 59.99155 68.07552 67.22458 69.77741 65.52269 95.30573 57.01325 60.41702 75.73402
"27" 49.2187 67.67572 47.68062 63.06146 53.83296 52.29487 46.91158 50.75679 41.52828 38.452115 59.98529 59.985295 44.60445 49.2187 NA 67.67572 73.82806 92.28507 38.45211 72.28997 63.06146 33.83786 41.52828 43.06637 43.06637 127.66101 43.06637 76.90422 NA 86.13273 52.29487 47.680615 58.44721 NA 52.29487 NA 35.37594 47.68062 47.68062 63.06146 NA 224.56033 53.063915 67.67572 54.602 65.36859 61.52338 73.828055 46.14253 58.44721 62.29242
"28" 44.31151 56.774125 42.92677 74.083305 42.92677 62.31306 39.46494 55.38939 34.618365 42.926775 58.851225 66.467265 38.77257 48.46571 NA 72.0062 70.62147 76.16041 38.77257 73.39094 67.852 41.54204 44.31151 45.69624 41.54204 137.08873 42.234405 94.16196 NA 96.93143 55.38939 51.23518 46.38861 NA 49.85045 NA 34.61837 48.46571 55.38939 74.083305 NA 235.40489 56.77412 65.08253 60.235955 62.31306 54.00465 91.39249 52.61992 59.54359 76.16041
"29" 46.45853 65.26317 45.35237 64.710095 49.777 61.94471 39.8216 50.88315 43.140065 34.8439 62.497785 71.347025 38.71544 46.45853 NA 66.922405 80.74935 80.74935 38.71544 73.55934 65.26317 50.330075 45.35237 47.01161 43.14006 108.40324 45.35237 106.19093 NA 95.12937 57.52008 53.095465 51.43623 NA 49.777 NA 34.29082 47.56469 56.41393 77.98396 NA 201.3203 61.94471 65.26317 70.240875 73.55934 63.05086 80.74935 55.30777 59.7324 76.32473
"30" 46.53502 64.29181 45.92272 61.842595 47.75963 48.98423 47.147325 51.43345 40.411995 31.83975 58.78108 63.679505 40.41199 47.75963 NA 72.25175 72.25175 81.43629 37.96278 68.57793 63.67951 35.51357 41.6366 44.08581 42.86121 133.48204 47.75963 68.57793 NA 88.17162 60.00569 43.47351 46.53502 NA 41.6366 NA 35.51357 47.75963 46.53502 69.80253 NA 232.67512 53.88266 63.67951 61.842595 74.088655 64.90411 76.537865 46.53502 58.78108 64.904115
"31" 52.12505 71.27303 47.86995 68.0817 48.93372 74.46436 44.67862 52.12505 47.33806 38.295955 60.63527 69.145475 41.48729 49.9975 NA 74.99625 70.20925 78.18758 40.42351 73.40058 63.8266 42.55106 42.55106 44.14673 43.61484 127.65319 47.86995 76.59191 NA 89.35723 55.31638 49.46561 47.33806 NA 42.55106 NA 36.1684 49.9975 47.86995 60.103375 NA 221.26553 57.44394 61.69904 57.443935 69.677365 60.63527 82.97457 52.12505 60.63527 64.358485
"32" 44.09437 69.73064 44.09437 66.14156 52.29798 64.60339 40.505295 54.34888 45.63255 30.76352 59.47613 71.268815 43.06892 45.11982 NA 59.47613 83.0615 85.1124 37.94167 74.345165 61.52703 47.683455 42.04347 49.22163 41.01802 98.44325 43.06892 91.2651 NA 79.98514 53.32343 45.63255 43.581645 NA 47.17073 NA 34.86532 47.17073 46.14528 60.50158 NA 171.25024 57.937955 66.65429 72.80699 53.32343 74.85789 91.777825 58.45068 60.50158 72.294265
"33" 54.17126 64.102665 43.33701 57.78268 46.94843 55.97697 37.91989 55.97697 45.14272 34.30847 59.58839 66.81123 45.14272 50.55985 NA 72.22835 70.42264 78.548335 41.5313 72.22835 70.42264 38.82274 45.14272 45.14272 46.94843 155.29096 43.33701 102.9254 NA 92.09115 63.19981 50.55985 51.462705 NA 50.55985 NA 36.11418 50.55985 52.36556 65.00552 NA 258.21636 61.3941 66.81123 62.296955 70.422645 61.3941 92.09115 54.17126 57.78268 70.42264
"34" 54.78118 67.85396 48.55604 69.7215 51.0461 63.49637 47.311015 57.27123 39.840855 31.748185 57.27123 69.09899 39.84086 49.80107 NA 64.74139 72.21155 74.70161 41.08588 65.98642 64.74139 39.84086 46.06599 44.82096 44.82096 115.164975 42.953425 90.88695 NA 80.92674 52.29112 52.29112 51.046095 NA 48.55604 NA 36.10578 48.55604 51.0461 65.363905 NA 200.44931 62.25134 63.49637 65.36391 57.27123 62.25134 81.549255 47.31102 58.51626 70.96653
"35" 51.76004 62.112055 47.159155 59.811605 54.06049 56.36094 33.931585 52.91027 39.6827 38.53248 55.21071 58.661385 43.70848 48.30938 NA 72.46406 70.16362 73.61429 40.25781 67.86317 60.96183 42.55826 44.85871 47.15915 40.25781 136.30145 44.85871 95.46853 NA 83.96629 59.81161 52.91027 46.58404 NA 48.30938 NA 36.80714 49.4596 52.91027 57.51116 NA 241.54688 58.08627 67.86317 62.687165 70.73873 59.81161 85.69163 47.15915 59.81161 77.06496
"36" 46.72742 59.707265 42.83347 73.33609 46.72742 53.21734 35.694555 53.21734 40.237505 37.64153 59.05827 68.144155 42.83347 45.42944 NA 74.634075 77.87904 73.98508 38.93952 81.77299 66.19718 48.02541 49.32339 46.72742 43.48246 114.87158 45.42944 109.03065 NA 80.475 57.11129 54.51533 58.40928 NA 45.42944 NA 35.04557 48.02541 57.11129 84.36896 NA 205.08146 62.30323 64.8992 62.30323 72.6871 72.6871 107.083675 71.38912 58.40928 81.77299
"37" 52.84357 66.62885 50.54602 70.64956 53.99234 63.18253 42.50461 53.99234 40.78145 33.88881 60.310595 67.77762 45.95093 53.99234 NA 67.77762 68.9264 77.542195 40.20706 70.07517 63.18253 49.39725 44.80216 45.95093 41.35584 119.47242 47.0997 88.45554 NA 82.71168 60.88498 53.99234 56.28989 NA 51.6948 NA 39.05829 51.6948 52.84357 60.88498 NA 194.14268 53.99234 66.62885 63.756915 67.20324 57.43866 81.5629 48.24848 58.58744 73.52149
"38" 54.23243 64.86624 49.97891 76.56343 49.97891 47.85214 47.32045 51.04229 42.00355 38.81341 58.48595 70.18315 43.59862 49.97891 NA 68.58807 68.05638 82.94372 39.3451 69.11976 64.86624 48.383835 49.97891 47.85214 42.53524 132.39093 46.25707 98.89443 NA 92.51415 57.42257 50.5106 51.04229 NA 48.91553 NA 36.15495 49.97891 49.97891 72.30991 NA 231.81705 57.42257 61.6761 55.29581 68.05638 58.48595 83.47541 48.91553 59.54934 76.03174
"39" 47.9536 63.938125 47.9536 61.083745 45.67009 54.80411 42.24483 52.5206 44.52834 35.39432 61.65462 63.36725 42.24483 47.9536 NA 70.217765 69.64689 70.78864 39.96133 72.501265 67.36338 43.38659 49.09535 42.24483 42.81571 139.29378 47.9536 97.04894 NA 81.06441 60.51287 54.80411 51.949725 NA 50.2371 NA 36.53607 49.09535 53.66236 67.36338 NA 236.34272 59.37112 62.79637 58.800245 78.21003 61.65462 91.911055 57.08761 53.66236 80.493535
"40" 49.68497 61.32989 45.803335 72.198475 52.79028 72.9748 42.698025 54.34294 41.14537 33.38209 62.10622 70.64582 43.47435 51.23763 NA 76.08011 74.52746 78.409095 40.36904 72.9748 65.21153 48.908645 46.57966 45.02701 41.14537 127.31774 46.57966 88.50136 NA 82.29073 62.10622 50.4613 39.59271 NA 48.13232 NA 35.71107 49.68497 49.68497 54.34294 NA 223.58237 57.44825 63.65887 72.198475 71.422145 63.65887 86.172375 55.89559 57.44825 79.96175
"41" 47.50002 64.631175 54.50822 67.74593 56.0656 58.40166 35.81969 56.0656 39.323785 35.430345 56.84429 64.631175 49.0574 50.61478 NA 70.471345 73.19675 65.40986 42.0492 75.53282 69.30331 50.614775 42.0492 43.60658 44.38526 135.49186 48.27871 116.02464 NA 71.63937 62.29511 51.00412 52.561495 NA 55.28691 NA 36.59838 50.61478 52.95084 68.135275 NA 246.06568 60.73773 68.52462 72.807405 61.905765 62.29511 86.04512 62.29511 52.95084 74.364785
"42" 44.74998 60.90969 52.829835 74.58329 62.15275 59.66664 42.885395 53.45136 40.399285 34.18401 59.04511 72.09718 52.20831 50.96525 NA 76.447875 74.58329 74.58329 43.50692 70.85413 64.63886 43.50692 45.99303 45.99303 41.02081 125.54855 48.47914 65.88191 NA 88.2569 62.15275 49.7222 49.7222 NA 44.74998 NA 37.29165 50.96525 50.96525 50.96525 NA 212.56239 55.93747 69.61107 66.50344 75.826345 73.34024 78.933985 49.7222 55.93747 65.88191
"43" 47.95572 63.759305 46.86581 72.478525 50.13552 54.49513 38.691545 56.67494 39.78145 34.33193 59.94465 69.208815 43.59611 47.95572 NA 69.20882 74.11338 71.93357 40.3264 69.75377 65.39416 45.23096 46.86581 44.68601 46.32086 117.70949 44.14106 106.81046 NA 83.9225 54.49513 54.49513 50.68047 NA 49.04562 NA 35.96679 49.04562 52.31533 68.118915 NA 204.9017 64.30426 71.93357 64.304255 78.47299 63.21435 88.827065 52.31533 55.58503 81.7427
"44" 45.34076 58.15445 47.31209 70.96814 47.31209 53.2261 40.41241 52.24044 37.94824 31.04856 55.690275 58.647285 43.36942 48.29776 NA 78.85349 69.98247 69.98247 40.41241 77.374985 65.05413 40.905245 48.29776 43.36942 46.819255 154.74997 45.34076 93.63852 NA 90.68151 58.15445 52.73327 54.704605 NA 56.18311 NA 37.45541 49.28343 57.16878 69.489635 NA 274.01587 60.12579 61.11145 65.05413 82.30333 59.14012 87.724505 53.2261 54.21177 71.460975
"45" 44.63932 60.58194 51.01637 66.16185 47.82785 63.77046 37.465145 54.20489 39.059405 41.4508 58.190545 73.33603 39.85654 47.82785 NA 63.77046 68.55324 74.93029 39.85654 74.93029 66.95898 43.04506 51.01637 43.04506 40.65367 113.19257 44.63932 86.09012 NA 74.93029 55.79915 47.82785 55.79915 NA 47.82785 NA 35.07375 47.82785 51.01637 73.33603 NA 196.09417 54.20489 65.36472 58.98768 74.13316 57.39341 85.29299 52.61063 55.79915 73.33603
"46" 52.83454 66.986645 54.72148 65.099695 50.94759 66.04317 37.738955 62.26927 39.6259 37.73895 61.3258 62.26927 43.3998 52.83454 NA 69.81706 69.81706 78.30833 45.28674 73.59096 66.04317 42.456325 45.28674 45.28674 45.28674 141.52108 49.06064 101.89518 NA 84.91265 58.49538 50.94759 56.60843 NA 54.72148 NA 37.73895 50.94759 52.83454 61.3258 NA 232.09457 64.15622 66.04317 66.04317 71.70401 58.49538 73.59096 54.72148 58.49538 81.13875
"47" 53.03459 65.409335 50.6775 73.65916 57.74878 64.82006 34.767125 57.74878 42.427675 31.231485 60.10587 68.3557 48.32041 54.21314 NA 77.78407 65.99861 64.82006 43.60622 72.480615 63.64151 46.55259 45.96332 44.78477 43.01695 144.37195 44.78477 84.85535 NA 87.21244 57.74878 55.39169 48.90968 NA 50.6775 NA 37.71349 50.6775 54.21314 61.28442 NA 241.60204 60.10587 64.82006 63.64151 71.89134 63.64151 81.90898 37.71349 51.85605 65.409335
"48" 50.98998 65.79353 46.87789 80.597075 62.50385 72.37288 42.76579 54.27966 42.765795 37.83128 62.50385 66.615945 44.41063 52.63482 NA 69.0832 74.01772 74.01772 41.12096 74.01772 65.79353 42.76579 42.76579 44.41063 41.943375 131.58706 47.70031 90.4661 NA 85.53159 60.85901 54.27966 44.41063 NA 47.70031 NA 37.83128 50.98998 54.27966 64.14869 NA 236.8567 59.21418 72.37288 67.43837 74.01772 70.72804 79.774655 46.05547 59.21418 66.615945
"49" 50.37157 62.06497 50.37157 69.26091 62.96446 62.96446 40.477155 48.57258 45.87411 35.97969 62.06497 65.66294 44.97462 50.37157 NA 77.35634 71.95938 70.1604 43.17563 78.25583 66.56243 40.477155 41.37665 43.17563 43.17563 155.61217 44.97462 98.94415 NA 80.95431 61.16548 49.472075 46.7736 NA 50.37157 NA 37.77868 50.37157 59.36649 57.567505 NA 277.04363 61.16548 62.96446 71.959385 80.054815 68.36142 80.95431 52.17055 57.56751 67.461925
"50" 52.94625 69.33437 51.05531 60.51 47.90375 61.77062 46.64312 47.90375 47.273435 34.03687 56.09781 63.031245 44.12187 50.425 NA 69.33437 68.07375 88.24375 41.60062 69.33437 56.72812 34.667185 39.07937 46.64312 37.81875 121.02 46.64312 65.5525 NA 80.68 57.98875 46.01281 44.12187 NA 47.90375 NA 36.55812 49.16437 44.12187 62.400935 NA 211.785 52.94625 60.51 67.443435 53.57656 55.4675 73.74656 45.3825 56.72812 61.770625
"51" 53.52508 65.522075 47.988 58.139305 53.52508 59.06215 41.528075 51.67938 39.682385 29.53108 53.52508 68.29061 46.14231 51.67938 NA 72.904845 66.44492 79.36477 42.45092 64.59923 62.75354 40.60523 38.75954 44.29661 43.373765 166.1123 49.83369 84.90184 NA 75.67338 60.90784 52.60223 43.373765 NA 51.67938 NA 36.91385 49.83369 42.45092 54.447925 NA 308.23061 57.21646 62.75354 65.522075 59.06215 59.06215 83.978995 47.988 55.37077 65.522075
"52" 47.04389 68.13253 50.28829 59.210405 63.26592 69.75473 41.366175 51.9105 43.79948 43.79948 64.07702 63.265915 43.79948 50.28829 NA 78.676845 74.62134 81.11015 43.79948 76.24354 63.26592 41.366175 38.93287 47.04389 43.79948 137.88725 49.47719 107.0654 NA 95.70998 58.39931 55.966005 42.17728 NA 45.42168 NA 37.31067 51.9105 51.9105 57.588205 NA 238.46384 55.1549 68.13253 72.999135 72.999135 69.75473 86.78786 55.1549 58.39931 64.07702
"53" 45.76707 56.41057 42.041845 71.843655 43.63837 48.96012 38.848795 50.02447 40.977495 33.527035 56.41057 61.20015 40.44532 43.63837 NA 68.11843 78.76193 75.56888 38.31662 77.69758 64.92538 42.041845 41.50967 44.70272 41.50967 115.482025 46.83142 111.7568 NA 90.46979 56.41057 51.08882 54.28187 NA 45.76707 NA 31.93051 45.76707 55.34622 76.101055 NA 200.09788 59.60362 70.24713 65.457555 67.586255 70.24713 82.487155 52.15317 57.47492 78.76193
"54" 48.63289 66.001775 41.68533 55.58044 41.68533 55.58044 41.68533 41.68533 48.63289 34.73778 48.63289 62.528 34.73778 48.63289 NA 62.528 62.528 76.42311 34.73778 62.528 55.58044 34.73778 48.63289 41.68533 34.73778 97.26577 41.68533 69.47555 NA 83.37066 48.63289 41.68533 41.68533 NA 41.68533 NA 34.73778 48.63289 41.68533 48.63289 NA 166.74132 45.15911 55.58044 59.05422 52.106665 48.63289 62.528 41.68533 48.63289 59.05422
"55" 48.30581 64.773695 48.30581 64.773695 54.89296 72.45871 46.11009 59.2844 52.69724 36.229355 57.08868 69.16513 50.50153 50.50153 NA 70.26299 70.26299 70.26299 41.71865 73.55657 65.87155 41.71865 41.71865 46.11009 43.91437 140.52598 46.11009 92.22018 NA 85.63302 63.67584 49.40367 48.30581 NA 48.30581 NA 37.32721 50.50153 48.30581 59.2844 NA 250.31191 57.08868 61.48012 66.96941 70.262995 59.2844 74.65443 48.30581 52.69724 72.45871
"56" 49.30242 66.13739 47.49867 73.95363 54.11241 66.13739 43.89118 54.11241 46.897425 36.07494 60.1249 61.92865 44.49243 49.30242 NA 67.33989 73.35238 80.56737 38.47994 69.14364 63.7324 46.89742 44.49243 46.89742 43.89118 120.85105 46.89742 96.19984 NA 87.78236 57.71991 51.70742 47.498675 NA 46.89742 NA 37.27744 49.30242 49.30242 65.536145 NA 208.03216 60.1249 61.3274 63.732395 53.51116 60.1249 85.97861 50.50492 60.1249 69.14364
"57" 49.56344 58.38406 39.06271 59.644145 63.00438 53.76374 39.482745 55.44385 38.222655 37.802625 59.224115 61.74429 44.52309 43.68304 NA 73.08508 87.36607 68.46476 38.64268 78.12543 67.20467 47.04327 47.04327 42.84298 45.36315 83.16578 42.42295 107.52747 NA 88.20613 59.64414 49.56344 57.544 NA 46.20321 NA 34.44239 46.20321 57.12397 81.905695 NA 135.2494 66.36461 73.92514 82.32572 67.624695 76.44531 96.186685 58.80409 56.28391 92.40642
"58" 50.27931 67.44785 47.82666 72.96631 51.50563 66.22152 44.14768 52.73195 45.37401 31.271275 55.1846 79.711095 47.82666 50.27931 NA 68.67417 73.57947 81.55058 42.92136 69.9005 63.76888 44.147685 42.92136 47.82666 36.789735 120.1798 46.60033 82.16374 NA 85.84272 57.63725 51.50563 43.53452 NA 49.05298 NA 38.01606 50.27931 51.50563 62.54255 NA 212.15414 58.250415 63.76888 68.67417 63.768875 63.76888 85.84272 40.46871 56.41093 65.60836
"59" 48.77064 62.85994 46.603055 75.323545 56.35718 69.36269 41.725995 54.1896 40.1003 36.84893 62.85994 66.653205 47.68685 48.77064 NA 68.82079 71.53027 76.94923 43.35168 69.362685 65.02752 42.809785 47.68685 45.51926 42.809785 134.39021 44.43547 91.03853 NA 86.70336 60.69235 47.68685 50.396325 NA 49.85443 NA 36.84893 49.85443 56.35718 64.485625 NA 236.26665 60.150455 68.27889 61.77614 65.02752 68.27889 79.11681 47.68685 60.69235 64.485625
"60" 50.84775 61.22484 48.77233 69.00766 53.96088 60.18713 38.914095 49.81004 42.546075 32.687835 62.26255 73.67735 42.54608 47.73462 NA 81.46017 76.79048 68.488805 41.50837 85.09215 71.60193 45.6592 43.58378 44.62149 51.366605 140.09074 43.58378 107.92175 NA 91.31841 61.22484 54.99859 58.630565 NA 50.84775 NA 35.28211 48.77233 61.22484 62.781405 NA 251.12562 61.743695 67.4511 72.63964 70.56422 63.30026 95.988095 54.99859 56.03629 81.46017
"61" 52.14011 64.40838 49.07305 67.47544 53.67365 59.80778 42.93892 56.74071 41.40538 40.638615 59.04101 61.34131 42.93892 50.60658 NA 75.90987 75.1431 79.7437 38.33832 70.54251 62.87484 43.705685 44.47245 44.47245 38.33832 102.74669 42.93892 81.27724 NA 73.60957 53.67365 52.140115 48.306285 NA 49.07305 NA 36.80479 49.07305 49.07305 67.47544 NA 173.2892 59.04101 65.94191 64.40838 67.47544 69.00897 76.676635 47.53952 55.20718 75.90987
"62" 50.35281 63.6815 47.39088 66.64343 50.35281 54.79571 41.46702 53.31474 45.90992 33.321715 64.42198 62.941015 44.42895 48.87185 NA 73.30777 72.56729 71.08632 38.50509 66.64343 62.20053 41.46702 42.94799 45.90992 42.94799 111.07238 42.94799 79.97211 NA 90.33887 57.75764 48.87185 51.093295 NA 47.39088 NA 37.02413 48.87185 53.31474 74.04825 NA 179.19677 56.27667 71.08632 61.46005 71.826805 69.60536 73.30777 42.94799 56.27667 68.12439
"63" 49.73844 71.32304 45.51536 68.97689 56.30767 65.69228 43.63844 50.6769 43.169215 35.66152 60.99997 65.22305 42.23075 49.73844 NA 72.26151 75.07689 86.33842 40.35383 71.32304 59.12305 37.06921 39.41537 46.92306 33.7846 103.23072 46.92306 79.76919 NA 84.4615 62.87689 43.63844 46.453825 NA 44.10767 NA 35.66152 48.79998 48.79998 70.38458 NA 180.18453 56.7769 70.38458 65.69228 74.13843 67.5692 86.33842 52.55382 60.99997 69.91535
"64" 53.18853 66.485655 46.85656 67.11885 53.18853 64.58607 45.59016 54.45492 42.42418 35.459015 59.52049 63.95287 44.32377 50.65574 NA 64.58607 73.45082 82.31558 39.2582 66.485655 59.52049 43.057375 44.32377 48.12295 40.52459 117.77459 44.32377 78.51639 NA 89.91394 56.98771 52.55533 45.59016 NA 48.12295 NA 37.9918 49.38935 53.18853 58.2541 NA 195.02459 59.52049 65.85246 60.786885 70.28484 56.98771 86.74795 53.18853 62.05328 70.91803
"65" 52.77892 69.27233 48.65557 63.49964 51.12958 61.02563 41.23353 56.0776 44.53221 35.46084 65.97365 67.62299 49.48024 49.48024 NA 72.57102 72.57102 80.81772 41.23353 77.51904 69.27233 44.532215 51.12958 46.18156 47.00623 136.07066 47.8309 72.57102 NA 87.41509 56.0776 49.48024 64.32431 NA 54.42826 NA 37.93485 51.12958 52.77892 62.67497 NA 245.75185 61.02563 65.97365 69.272335 81.64239 59.37629 87.41509 59.37629 59.37629 76.69437
"66" 46.77073 70.1561 45.30914 59.925 46.77073 59.925 42.38597 51.15549 38.73201 32.154875 60.65579 65.040545 40.92439 46.77073 NA 67.23292 77.46402 76.002435 39.4628 77.46402 62.84817 42.38597 40.92439 43.84756 45.30914 133.00426 43.84756 102.31097 NA 83.31036 68.69451 46.77073 51.88628 NA 49.6939 NA 33.61646 48.23232 48.23232 68.69451 NA 245.54633 61.38658 62.84817 59.194205 80.38719 64.30975 86.233535 55.54024 55.54024 75.271645
"67" 50.84307 63.064965 46.443185 68.93147 46.93206 50.84307 40.087805 51.82082 38.621175 35.687925 60.62058 65.50934 41.06556 46.93206 NA 68.931465 69.42034 71.864725 40.0878 72.842475 65.50934 48.398695 52.79857 43.99881 44.97656 127.596545 43.99881 90.93087 NA 88.97537 54.75407 54.75407 50.84307 NA 47.90982 NA 36.1768 48.88757 51.82082 68.44259 NA 219.99405 58.176205 59.64283 67.953715 73.33135 55.73183 87.508745 47.90982 56.70958 69.420345
"68" 48.28823 66.913685 46.90856 60.01537 57.94587 60.7052 42.07974 53.80688 37.25092 34.49159 59.32554 66.22385 44.14924 49.66789 NA 71.05268 74.50184 75.8815 41.38991 66.22385 59.32554 41.38991 44.14924 44.83907 40.01025 124.85956 46.90856 84.15948 NA 80.02049 60.7052 49.66789 48.28823 NA 48.28823 NA 37.25092 49.66789 52.42722 53.11705 NA 215.22753 57.25604 68.98318 68.983185 70.36285 64.84419 74.50184 46.90856 55.18655 62.774695
"69" 47.29495 59.11869 43.53285 84.915935 45.14518 47.29495 33.321445 52.66938 41.38308 30.09679 54.81915 69.330095 42.99541 45.14518 NA 68.79265 78.46662 70.942425 38.69587 75.24197 69.86754 45.145175 45.14518 41.92052 48.36984 116.0876 45.14518 95.66479 NA 94.5899 52.66938 51.59449 62.34334 NA 48.36984 NA 33.32144 47.29495 53.74426 75.77941 NA 193.47934 59.65613 65.568 70.94242 78.46662 63.41823 82.76616 53.74426 51.59449 77.92918
