"V1" "V2" "V3" "V4" "V5" "V6" "V7" "V8" "V9" "V10" "V11" "V12" "V13" "V14" "V15" "V16" "V17" "V18" "V19" "V20" "V21" "V22" "V23" "V24" "V25" "V26" "V27" "V28" "V29" "V30" "V31" "V32" "V33" "V34" "V35" "V36" "V37" "V38" "V39" "V40" "V41" "V42" "V43" "V44" "V45" "V46" "V47" "V48" "V49" "V50" "V51"
"1" 55.92571 70.38925 49.17605 NA 54.96147 69.90713 52.06876 55.92571 43.87275 NA 65.56807 62.67536 40.98004 54.96147 NA 81.477965 84.85279 86.29915 47.24758 80.99585 68.46078 54.96147 60.746885 53.033 40.015805 116.67259 52.06876 88.22762 NA 106.54811 65.56807 54.96147 75.21043 NA 55.44359 NA 40.49792 55.44359 53.033 75.21043 NA 186.57972 62.67536 72.79984 67.49654 53.99723 65.08595 84.85279 63.6396 60.74689 84.852795
"2" 49.26947 59.413185 44.30112 NA 57.13602 60.03423 43.88709 50.92559 49.26947 NA 65.623625 60.034225 45.12918 51.75364 NA 81.356725 84.87598 84.46195 44.30112 79.286585 67.07272 43.47306 58.37811 48.85544 39.7468 108.88967 52.5817 83.21986 NA 101.85117 60.03423 53.82379 66.24466 NA 46.57828 NA 39.33277 53.40976 58.171095 78.25151 NA 169.13091 61.897355 69.763915 56.30797 51.96066 67.48675 79.90763 52.99573 62.10437 76.388375
"3" 51.64623 59.29752 45.90776 NA 53.55905 54.515465 45.90776 55.47187 53.55905 NA 67.905225 55.47187 46.86417 47.82058 NA 90.8591 78.42575 77.46934 47.82058 82.2514 76.51293 55.47187 53.55905 48.77699 47.82058 158.76433 55.47187 91.81551 NA 114.76939 62.166755 59.29752 72.68728 NA 53.55905 NA 42.08211 55.47187 58.34111 79.38216 NA 231.45161 64.07958 62.166755 59.29752 50.689815 62.166755 88.94628 74.60011 65.9924 95.64116
"4" 55.12015 64.306845 46.64013 NA 53.70682 54.413485 46.64013 53.70682 53.70682 NA 62.89351 62.18684 48.053465 56.53349 NA 92.573595 76.32021 71.37353 50.88014 77.73355 69.25353 52.29348 55.12015 48.760135 38.16011 130.02703 55.12015 91.160255 NA 113.77365 65.72018 56.53349 73.49354 NA 48.760135 NA 39.57344 55.12015 55.12015 64.306845 NA 214.827265 60.7735 65.01351 57.94683 72.0802 66.42685 80.56022 62.18684 62.18684 68.54686
"5" 50.47421 60.388785 45.06626 NA 57.68481 65.796745 46.86891 50.47421 54.980835 NA 66.69807 64.89542 45.06626 55.88216 NA 91.033845 73.90867 79.31662 45.06626 73.90867 68.50072 52.27686 58.586135 50.47421 41.46096 151.42264 54.07951 107.2577 NA 117.17228 60.388785 63.09276 55.88216 NA 51.375535 NA 41.46096 55.88216 55.88216 67.599395 NA 239.75251 62.191435 69.402045 59.48746 52.27686 59.48746 76.612645 52.27686 63.99409 67.599395
"6" 52.03229 66.34117 44.22745 NA 62.43875 67.641975 49.43068 57.23552 50.731485 NA 67.64198 66.34117 52.03229 57.23552 NA 100.16216 85.85328 78.04844 49.43068 83.25167 80.65005 59.83713 57.23552 54.63391 45.528255 166.50333 54.63391 110.56862 NA 106.666195 61.13794 65.04036 72.84521 NA 59.83713 NA 44.22745 59.83713 58.536325 80.65005 NA 257.55984 71.5444 68.942785 75.44682 84.552475 70.24359 87.154085 72.84521 65.04036 87.154085
"7" 56.12064 68.5919 53.00283 NA 65.47408 68.5919 49.88502 56.12064 59.23846 NA 71.70971 62.35627 43.64939 62.35627 NA 84.18097 84.18097 84.18097 46.7672 74.82753 65.47408 49.88502 53.00283 53.00283 48.32611 146.53724 59.23846 107.564565 NA 98.211125 57.67955 62.35627 68.5919 NA 53.00283 NA 43.64939 59.23846 59.23846 62.35627 NA 233.83602 62.35627 68.5919 65.47408 68.5919 65.47408 90.41659 62.35627 63.915175 71.709715
"8" 57.54048 67.46126 55.55633 NA 63.49295 69.445415 43.6514 59.52464 50.595945 NA 70.43749 63.49295 46.627635 57.54048 NA 91.27111 79.36619 76.389955 47.61971 75.39788 69.44541 47.61971 55.55633 51.58802 45.63556 150.79575 53.57218 98.215655 NA 101.19189 59.52464 59.52464 67.46126 NA 47.61971 NA 43.6514 57.54048 53.57218 62.50087 NA 227.18571 59.52464 67.46126 59.52464 74.4058 65.4771 94.247345 59.52464 63.49295 79.36619
"9" 54.56437 64.87097 48.50166 NA 69.11486 68.50859 50.92674 55.77691 49.10793 NA 72.14622 60.62707 50.92674 55.77691 NA 90.94061 81.24028 76.996385 47.28912 78.20893 71.53995 50.92674 52.745555 52.13928 42.43895 135.80465 54.56437 87.909255 NA 99.4284 56.38318 64.2647 66.68978 NA 48.50166 NA 42.43895 56.98945 62.44589 67.29605 NA 201.281885 61.83962 72.14622 64.2647 73.35876 61.233345 92.15315 60.62707 63.05216 75.17757
"10" 54.93013 69.643555 49.04476 NA 60.8155 62.77729 47.08297 58.85371 47.08297 NA 76.50983 59.834605 46.102075 56.89192 NA 92.20415 82.3952 72.58624 49.04476 84.35699 74.54804 49.04476 59.834605 51.00655 49.04476 149.09607 54.93013 115.74563 NA 96.12773 64.73908 62.77729 64.73908 NA 51.00655 NA 43.15939 58.85371 64.73908 80.43341 NA 219.72052 64.73908 74.54804 64.73908 71.605345 66.70087 107.89847 62.77729 60.8155 75.528935
"11" 54.93462 66.37933 41.20096 NA 52.64567 70.95721 52.64567 57.22356 53.790145 NA 67.5238 68.66827 48.06779 52.64567 NA 83.546395 80.11298 88.12428 50.35673 82.40192 73.24615 59.5125 59.5125 52.64567 41.20096 125.89183 54.93462 106.43582 NA 103.002405 61.80144 59.5125 68.66827 NA 50.35673 NA 41.20096 54.93462 57.22356 69.81274 NA 188.83774 61.80144 67.5238 59.5125 69.81274 59.5125 90.41322 75.5351 66.37933 93.846635
"12" 52.79078 65.77212 42.40571 NA 55.38705 63.17585 45.8674 48.46367 47.59824 NA 67.50296 66.63754 42.83842 55.38705 NA 86.97497 78.75346 86.97497 47.59824 79.61888 68.36839 47.59824 51.059935 51.05993 41.54028 154.91064 54.52162 92.167505 NA 114.23578 61.877715 53.6562 60.57958 NA 48.46367 NA 41.54028 56.25247 58.416025 74.42634 NA 247.94357 61.01229 67.07025 58.84874 79.18617 63.60856 86.54226 74.42634 66.63754 77.02261
"13" 48.34324 65.263375 41.89748 NA 51.56612 66.87482 40.28603 58.01189 51.56612 NA 67.68054 66.87482 42.7032 53.17756 NA 94.26932 82.18351 78.96063 48.34324 83.79495 75.73774 49.95468 64.45765 51.56612 45.92608 154.69837 58.01189 84.60067 NA 115.21806 62.04049 66.0691 67.68054 NA 48.34324 NA 40.28603 56.40045 63.65193 74.1263 NA 233.659 63.65193 65.263375 58.01189 62.84621 66.0691 83.79495 61.23477 65.263375 82.18351
"14" 53.42751 65.5123 48.33918 NA 58.51584 71.87272 48.33918 52.15543 45.158965 NA 71.23668 65.5123 54.69959 57.24376 NA 95.40627 82.68543 87.77377 48.33918 78.86918 75.05293 52.15543 52.79147 54.69959 42.6148 171.73128 58.51584 98.586475 NA 99.222515 63.60418 64.87626 62.33209 NA 48.97522 NA 43.25084 57.24376 61.69605 75.05293 NA 273.49796 62.33209 69.9646 66.14834 59.151885 61.69605 94.770225 67.42043 71.23668 85.2296
"15" 60.81337 67.6794 49.04304 NA 58.85165 70.62198 50.0239 53.94735 48.06218 NA 72.5837 63.755955 48.55261 56.88993 NA 95.1435 84.35403 81.90188 51.00476 79.94016 75.52629 48.06218 59.83251 52.96649 45.1196 145.16741 57.87079 100.04781 NA 99.06695 65.71768 56.88993 65.71768 NA 50.0239 NA 43.15788 59.83251 62.77509 78.46887 NA 230.01187 61.79423 75.52629 71.60284 46.10046 66.69854 87.78705 69.64112 66.69854 85.33489
"16" 56.7589 72.788035 48.35018 NA 59.38663 75.41576 58.86108 52.55454 58.072765 NA 71.99972 61.488815 44.67136 57.28445 NA 79.620125 75.67854 87.76608 45.72245 68.583675 66.74426 48.35018 59.123855 53.60563 40.46699 163.97016 57.28445 90.131035 NA 98.014215 61.22604 64.11654 66.21872 NA 52.81731 NA 44.14581 58.33554 54.393945 62.802675 NA 247.53188 55.18227 61.488815 63.06545 56.233355 55.707815 81.196765 55.70781 68.583675 80.93399
"17" 63.71651 63.71651 56.6369 NA 63.71651 70.79612 42.47767 56.6369 60.176705 NA 70.79612 60.176705 42.47767 56.6369 NA 77.87573 70.79612 70.79612 49.55729 77.87573 70.79612 42.47767 49.55729 49.55729 49.55729 127.43302 56.6369 95.574765 NA 99.11457 63.71651 56.6369 56.6369 NA 49.55729 NA 42.47767 56.6369 56.6369 70.79612 NA 219.46798 56.6369 56.6369 56.6369 67.256315 56.6369 84.95535 49.55729 63.71651 77.87573
"18" 56.36705 65.0389 49.86316 NA 54.19909 84.55057 45.52723 56.36705 45.52723 NA 62.87094 62.87094 45.52723 56.36705 NA 82.38261 78.04668 84.55057 45.52723 71.54279 69.37483 47.6952 50.94714 49.86316 40.107325 175.60504 60.70298 95.390395 NA 106.23021 62.87094 62.87094 58.53501 NA 49.86316 NA 43.35927 56.36705 57.45103 65.0389 NA 289.42312 62.87094 68.29085 54.19909 67.20687 54.19909 81.29863 62.87094 67.206865 71.54279
"19" 52.21901 64.77166 46.19374 NA 57.24007 57.74218 47.19795 56.23586 50.712695 NA 66.780085 68.2864 44.18532 55.23165 NA 94.39591 76.822205 78.32852 48.20217 82.34537 69.29061 52.21901 60.754815 51.2148 39.16426 129.54332 57.24007 88.370635 NA 107.95277 64.26955 59.2485 67.28219 NA 50.712695 NA 41.17268 56.23586 64.26955 77.32431 NA 197.82972 56.23586 66.780085 71.29904 73.809565 62.26113 84.855895 56.23586 63.26534 84.855895
"20" 51.76891 70.84167 53.13125 NA 66.75465 68.11699 43.59487 57.21827 51.76891 NA 73.56635 75.60986 47.68189 55.85593 NA 101.49431 79.01571 84.46507 50.40657 83.10273 79.01571 55.85593 57.89944 53.13125 46.31955 178.46651 59.94295 106.94367 NA 103.53782 68.11699 65.39231 64.02997 NA 53.13125 NA 42.23253 58.58061 64.02997 67.43582 NA 284.72902 64.02997 69.47933 69.47933 66.07348 65.39231 86.50858 57.21827 68.11699 85.82741
"21" 57.58122 67.945845 48.36823 NA 78.31046 64.490965 52.97472 55.27797 48.36823 NA 69.09747 65.642595 48.36823 55.27797 NA 94.4332 80.61371 92.12995 50.67147 73.70396 69.09747 48.36823 49.51985 55.27797 42.610105 149.71118 57.58122 105.94945 NA 105.94945 61.036095 59.88447 69.09747 NA 49.51985 NA 43.76173 57.58122 62.18772 65.642595 NA 230.32488 62.18772 71.40071 66.79422 71.400715 70.24909 86.371835 64.49097 65.642595 89.82671
"22" 53.2799 70.02501 47.19077 NA 56.32447 73.830725 44.1462 56.32447 52.51876 NA 66.98045 69.26387 46.42963 57.84675 NA 89.05355 77.63643 80.68099 47.19077 73.06958 71.5473 54.80219 56.32447 51.75762 40.3405 149.18373 56.32447 92.85926 NA 103.51524 58.60789 62.4136 62.4136 NA 49.474195 NA 44.1462 57.84675 58.60789 73.06958 NA 229.86472 57.84675 63.93588 62.4136 59.369035 60.89132 73.06958 56.32447 67.74159 75.353005
"23" 55.72313 70.273055 50.76996 NA 61.91458 73.67835 55.10398 57.58056 47.67423 NA 76.774085 72.749635 47.05508 58.81885 NA 82.65597 83.275115 79.56024 49.53167 78.01238 72.44006 60.05715 56.961415 52.00825 45.50722 123.82917 54.48483 97.82504 NA 97.515465 65.62946 58.81885 67.4869 NA 53.865685 NA 43.34021 57.58056 59.747575 68.106045 NA 194.411795 65.010315 65.62946 67.4869 55.723125 70.582625 95.65803 65.62946 62.843305 84.51341
"24" 58.46383 69.194525 49.58324 NA 60.68397 79.555205 48.10315 54.02353 51.06334 NA 69.934575 63.27414 45.883 57.72378 NA 93.616125 81.40533 85.84562 50.32329 81.775355 73.26479 57.72378 55.873655 53.28349 41.44271 125.06818 57.72378 84.735545 NA 103.236755 60.68397 51.80339 68.08445 NA 50.32329 NA 42.18276 58.46383 58.46383 64.384215 NA 201.29317 59.20387 70.3046 62.16407 55.50363 64.38421 97.68639 64.38421 66.974385 78.44513
"25" 51.28077 72.535305 45.8828 NA 70.17369 64.100965 51.95552 55.32925 44.19593 NA 69.161565 70.173685 46.55754 58.02824 NA 86.36762 84.34338 79.95752 47.23229 78.27065 70.84844 55.32925 60.72723 52.292895 45.20805 120.10497 56.67875 87.71711 NA 100.19993 62.75147 60.05248 72.87268 NA 52.63027 NA 42.50906 57.3535 55.666625 81.307015 NA 204.44834 61.064605 69.836315 65.45046 57.69087 60.389855 86.70499 69.49894 64.10097 82.99388
"26" 50.99851 67.363705 52.52085 NA 69.26663 66.22195 46.43148 54.80437 54.423785 NA 69.26663 62.796675 49.09558 55.56554 NA 93.62413 80.303625 84.870655 46.43148 75.736595 70.78898 45.67031 57.08788 52.52085 44.909135 148.4285 56.32671 102.377605 NA 109.60874 57.84906 66.22195 70.02781 NA 50.99851 NA 42.62562 57.08788 57.84906 70.027805 NA 231.776815 60.89374 69.64722 62.41609 57.849055 68.50546 92.86296 63.93843 64.319015 81.44538
"27" 52.61627 68.640315 50.70295 NA 69.83614 68.87948 49.74629 54.52959 47.83297 NA 72.945285 67.44449 49.26796 57.8779 NA 95.905105 82.511875 89.44766 50.22462 81.31605 73.18445 48.3113 57.160405 53.812095 47.83297 150.67386 59.79121 92.795965 NA 103.080055 64.335345 64.09618 66.48783 NA 48.3113 NA 43.528 58.83456 62.18286 80.35939 NA 240.839015 60.508705 71.74946 67.92282 59.55205 64.57451 87.295175 62.66119 70.075305 82.511875
"28" 63.45103 65.43388 48.91017 NA 66.09483 63.45103 56.84155 54.19776 49.57112 NA 72.04336 70.06052 47.588275 60.80724 NA 97.159395 84.60138 93.193705 50.23207 79.97474 71.38241 51.55397 58.824395 55.51965 46.92733 157.30569 62.12914 101.125085 NA 91.871805 72.70431 64.77293 64.77293 NA 49.57112 NA 43.62259 59.48534 64.11198 71.38241 NA 259.09172 59.48534 71.38241 66.09483 60.14629 63.45103 79.31379 63.45103 70.06052 84.60138
"29" 58.98219 70.62341 45.01272 NA 60.53435 69.071245 45.01272 57.43002 46.564885 NA 67.51908 73.72773 43.46056 54.3257 NA 84.59287 80.71247 72.17557 46.56488 80.71247 69.84733 60.53435 55.87786 50.44529 45.01272 139.69465 52.77354 97.78626 NA 115.636125 65.96692 66.743 68.29516 NA 51.22137 NA 40.35623 55.87786 63.63867 62.86259 NA 207.989815 66.743 63.63867 71.39949 71.39949 60.53435 92.353685 66.743 64.414755 83.04071
"30" 49.82955 65.16172 47.27419 NA 51.10723 60.68984 39.60811 49.82955 44.71883 NA 65.16172 61.32868 45.35767 54.94028 NA 88.79882 77.93853 74.10549 45.99651 77.93853 70.27245 52.38491 54.301435 49.82955 39.60811 141.82257 54.94028 86.243455 NA 112.43591 59.41216 56.21796 68.99476 NA 49.82955 NA 42.16347 54.94028 60.051 76.66085 NA 233.17675 58.77332 68.99476 61.32868 57.49564 64.52288 84.96577 53.66259 63.2452 76.02201
"31" 51.19402 64.7761 44.92536 NA 56.4179 57.462675 53.28357 52.23879 45.44775 NA 67.388045 65.29849 40.22387 53.28357 NA 85.149235 80.97013 92.98505 44.92536 68.95521 62.68655 51.19402 48.05969 50.14924 39.179095 142.08952 55.37312 87.761175 NA 98.731325 60.074615 59.55223 59.55223 NA 44.92536 NA 40.74626 55.37312 55.89551 70.52237 NA 252.313375 57.46267 64.7761 55.37312 64.776105 61.11939 83.059685 59.55223 65.82088 68.43282
"32" 52.28619 69.47617 45.1237 NA 75.92241 82.368655 47.27245 60.16493 42.2587 NA 72.34117 65.536795 46.5562 54.43494 NA 89.53115 87.3824 76.280535 48.70494 84.875525 68.75992 54.43494 55.86744 52.28619 45.83995 105.28863 58.73243 103.498005 NA 97.40989 63.02993 60.88118 81.65241 NA 50.85369 NA 40.8262 56.58368 59.806805 87.740525 NA 166.527935 64.46243 72.34117 84.5174 70.550545 80.21991 102.42363 66.61117 58.01618 76.996785
"33" 54.45507 73.90331 54.45507 NA 57.56679 69.23574 51.34335 60.67851 51.343355 NA 72.34745 54.45507 50.565425 59.12265 NA 90.23984 77.79296 70.791595 49.7875 76.2371 66.90195 49.7875 63.0123 52.89921 45.89785 164.92108 56.01093 94.129485 NA 98.01913 59.12265 65.34609 63.79023 NA 52.12128 NA 46.67578 59.12265 57.56679 70.01367 NA 250.493335 59.90058 62.23437 70.01367 65.34609 63.0123 86.35019 56.01093 63.79023 76.2371
"34" 50.47619 65.61905 47.95238 NA 53 68.142855 47.95238 53 51.738095 NA 69.404755 63.09524 50.47619 55.52381 NA 92.119045 78.23809 87.071425 53 80.7619 73.19047 47.95238 61.833335 53 42.90476 171.61904 58.04762 102.214285 NA 111.04762 69.404755 63.09524 63.09524 NA 50.47619 NA 42.90476 58.04762 58.04762 75.71428 NA 246.071425 55.52381 74.452375 63.09524 74.452375 63.09524 92.119045 58.04762 66.88095 75.71428
"35" 53.83516 67.60694 47.57525 NA 61.34704 53.83516 47.57525 58.84308 46.949265 NA 64.47699 66.98095 50.07922 51.3312 NA 93.89853 88.26462 76.3708 43.81931 82.63071 72.61486 52.58318 53.20917 52.58318 46.32327 120.19012 55.08714 89.5166 NA 118.31215 62.59902 63.851 72.61486 NA 53.83516 NA 40.06337 55.08714 61.97303 79.50075 NA 185.2931 63.851 71.98887 68.85892 68.85892 73.86684 100.78442 72.61486 68.23293 85.76066
"36" 51.12824 61.35388 40.90259 NA 54.53678 61.35388 47.71969 54.53678 47.71969 NA 63.058155 63.058155 44.31114 51.12824 NA 88.62228 81.80518 74.98808 44.31114 74.98808 71.57953 51.12824 66.466705 47.71969 40.90259 129.52486 54.53678 103.960745 NA 98.84792 63.058155 54.53678 64.76243 NA 47.71969 NA 40.90259 54.53678 61.35388 69.875255 NA 211.33004 64.76243 71.57953 57.94533 76.692355 64.76243 76.692355 64.76243 57.94533 81.80518
"37" 55.0201 75.35361 49.03965 NA 78.94188 70.569255 49.03965 61.00054 51.43183 NA 76.5497 70.569255 55.0201 56.21619 NA 83.72623 89.108635 71.167295 51.43183 86.11841 72.96143 55.0201 59.206405 53.82401 50.833785 93.29495 56.21619 95.08908 NA 99.873435 68.17708 59.80445 70.56925 NA 57.41227 NA 42.461165 57.41227 64.58881 61.598585 NA 139.94242 65.7849 74.15752 81.33406 64.58881 87.3145 108.8441 66.98099 58.60836 91.500815
"38" 49.9943 66.65907 48.88332 NA 62.21513 68.881035 45.55036 51.10529 49.9943 NA 73.32497 64.99259 44.43938 56.66021 NA 88.87876 80.546375 82.76834 49.9943 78.324405 68.88104 53.32725 51.66078 52.21627 42.7729 121.09731 56.66021 79.99088 NA 97.766635 62.21513 61.10415 66.65907 NA 52.21627 NA 41.10643 55.54922 61.65964 86.65679 NA 194.97777 63.881605 68.325545 65.54808 61.10415 64.4371 84.434815 66.65907 66.103575 77.21342
"39" 54.8636 71.92484 48.84199 NA 68.24497 69.917635 44.82758 60.88522 48.507455 NA 73.262975 70.25217 43.154905 57.53987 NA 82.2954 87.982485 82.629935 48.17292 79.953665 70.92124 59.54708 56.20174 53.52546 42.82037 127.12298 59.54708 92.33143 NA 90.32422 59.54708 58.20894 64.23056 NA 51.852795 NA 42.1513 57.53987 59.881615 76.60832 NA 210.08745 69.917635 74.601115 64.89963 66.23776 71.92484 91.327825 61.55428 66.572295 84.971675
"40" 47.28234 63.04312 45.31224 NA 58.11787 65.998265 47.28234 55.16273 45.31224 NA 67.96836 62.550595 44.819715 49.25244 NA 90.131955 84.71419 78.8039 47.28234 80.774 68.95341 60.08797 61.565545 51.22253 44.32719 118.20585 54.17768 97.0273 NA 111.31051 58.610395 62.05807 65.99826 NA 48.26739 NA 38.4169 54.17768 60.08797 71.908555 NA 180.75644 65.01322 71.90856 63.04312 59.102925 68.95341 112.788075 76.8338 63.04312 80.773995
"41" 58.95582 66.8166 43.23427 NA 56.33556 61.57608 47.16466 55.02543 48.47478 NA 72.05711 73.36724 51.09504 55.02543 NA 91.70905 81.22802 75.332435 47.16466 82.53815 74.67737 49.78491 62.231145 52.40517 43.23427 121.84203 56.33556 103.50022 NA 104.15528 59.610885 64.19634 77.29763 NA 58.95582 NA 43.23427 55.02543 66.161535 73.36724 NA 184.073165 62.88621 69.43685 72.05711 66.16153 71.402045 98.914765 61.57608 68.12672 83.84828
"42" 52.72181 64.369655 44.13919 NA 62.53052 68.047925 52.72181 52.72181 47.81746 NA 69.88705 68.660965 56.40008 51.49572 NA 80.92185 79.69576 80.92185 46.59137 80.92185 72.33923 46.59137 65.595745 50.26964 39.23484 118.9306 58.85226 101.76536 NA 106.66971 61.30443 60.07834 63.75661 NA 50.88268 NA 39.23484 53.9479 61.30443 76.630545 NA 179.00894 57.62617 66.821835 62.53052 69.27401 68.66097 95.63492 55.17399 64.369655 90.117515
"43" 48.53219 63.46517 48.53219 NA 67.19841 69.065035 51.02102 54.75426 49.776605 NA 69.065035 60.97634 44.176735 54.75426 NA 82.13139 79.64256 74.6649 47.28777 75.90932 67.19841 57.24309 56.620885 49.7766 42.31011 133.15241 52.26543 92.08671 NA 106.397485 65.954 59.73192 65.954 NA 50.39881 NA 42.31011 55.99868 59.109715 72.79828 NA 218.39484 62.22075 65.33179 65.954 45.42115 67.19841 94.57554 63.46517 65.954 87.109055
"44" 46.23262 64.11505 40.12643 NA 58.44501 66.29584 40.12643 59.31733 45.796465 NA 67.604305 58.44501 42.30721 51.4665 NA 88.539835 90.72062 76.763595 44.48799 84.61442 70.6574 65.42352 54.08344 53.21113 41.87105 86.35905 51.4665 84.61442 NA 106.42226 58.44501 56.70039 68.04046 NA 49.28572 NA 40.12643 55.82807 60.18964 79.38054 NA 131.2832 68.04046 65.85968 72.40203 62.37042 75.89128 112.0923 82.86979 64.55121 90.28446
"45" 48.32828 61.33974 44.61072 NA 50.18706 67.84547 39.03438 53.90462 48.32828 NA 66.91608 58.55157 48.32828 52.04584 NA 86.43326 81.78631 77.13936 46.4695 74.35119 70.63364 52.04584 54.83401 52.04584 45.54011 144.98483 55.7634 83.64509 NA 107.80923 59.48096 52.04584 68.77486 NA 52.04584 NA 40.89316 53.90462 53.90462 68.77486 NA 223.98297 65.0573 67.84547 52.04584 77.13936 65.0573 89.22143 59.48096 65.98669 82.7157
"46" 57.55935 66.64766 46.95631 NA 74.22126 64.375585 51.50047 56.04463 46.95631 NA 68.91974 66.64766 46.95631 59.07407 NA 84.8243 83.30958 78.76542 45.44159 75.73598 66.64766 62.10351 59.07407 53.77255 43.92687 142.38365 57.55935 110.574535 NA 98.45678 59.07407 63.61823 60.58879 NA 60.58879 NA 45.44159 59.07407 59.83143 81.79486 NA 215.09019 62.10351 71.19182 69.6771 68.162385 68.16238 74.97862 63.61823 69.6771 80.28014
"47" 56.3701 61.58955 44.8873 NA 46.97508 48.01897 42.79952 56.3701 45.40925 NA 64.199275 65.24317 46.453135 54.28232 NA 94.994055 80.37959 74.638185 45.93119 77.24791 74.11624 52.19454 53.23843 51.15065 39.145905 161.80306 58.45788 107.52074 NA 117.95965 60.023715 61.58955 61.58955 NA 45.409245 NA 42.79952 55.32621 60.023715 84.033205 NA 247.924045 61.58955 66.80901 60.54566 74.11624 58.45788 91.86238 65.76512 67.330955 79.33569
"48" 49.78399 58.74511 49.78399 NA 63.72351 60.73647 51.77535 51.77535 51.77535 NA 67.70623 61.73215 41.81855 49.78399 NA 98.5723 79.65438 86.62414 47.79263 83.6371 71.68895 49.78399 53.76671 51.77535 43.80991 145.36925 55.75807 99.56798 NA 113.5075 66.71055 53.76671 55.75807 NA 53.76671 NA 39.82719 55.75807 59.74079 65.71487 NA 230.00203 59.74079 63.72351 65.71487 57.74943 65.71487 96.58094 71.68895 62.72783 70.69327
"49" 50.65703 67.26589 45.67437 NA 55.63969 58.13102 45.67437 52.31792 44.01349 NA 67.681115 67.265895 47.33526 53.9788 NA 89.272635 77.23121 82.21387 48.1657 74.32466 68.09634 50.65703 53.9788 50.65703 40.27649 135.36223 57.30058 84.289975 NA 108.372825 59.376685 55.63969 64.77456 NA 49.82659 NA 41.52216 56.05491 57.30058 61.03757 NA 210.10211 58.13102 65.189785 57.30058 56.885355 54.394025 80.55298 58.13102 62.28323 73.078995
"50" 52.70412 57.974525 45.6769 NA 53.87532 47.433705 42.16329 57.38893 45.6769 NA 67.92975 72.02896 43.9201 53.87532 NA 95.45301 78.47057 69.686555 46.8481 86.66899 79.64178 55.04652 62.65934 49.19051 45.6769 135.8595 53.87532 98.96662 NA 121.80507 56.21772 63.24494 74.95697 NA 52.70412 NA 40.99209 56.21772 67.34415 105.40823 NA 207.88846 64.41614 64.41614 63.24494 66.17295 65.587345 98.96662 62.07374 64.41614 93.11061
"51" 51.88994 69.9728 50.31752 NA 62.8969 73.11764 53.46236 56.60721 44.814035 NA 70.75901 60.53826 41.66919 51.88994 NA 94.34534 84.91081 88.05565 45.60025 75.47627 66.04174 44.02783 54.24857 53.46236 43.241615 122.64895 55.03478 94.345345 NA 107.710935 59.75205 64.46932 61.32447 NA 49.531305 NA 40.88298 55.03478 62.110685 58.96584 NA 185.54584 62.8969 69.9728 66.04174 68.400375 67.614165 82.552175 55.03478 64.46932 74.69006
"52" 50.41632 60.91973 48.31564 NA 71.42313 61.97007 46.21496 58.81904 54.61768 NA 67.22177 72.47347 47.2653 54.61768 NA 96.63129 81.92653 69.32245 50.41632 90.32925 77.72517 54.61768 59.869385 50.41632 50.41632 151.24897 56.71836 124.99047 NA 105.03401 68.27211 63.02041 75.62449 NA 56.71836 NA 42.0136 58.81904 60.91973 73.52381 NA 239.47754 70.37279 74.57415 67.22177 73.52381 73.52381 103.98367 69.32245 58.81904 91.37959
"53" 50.0126 69.184095 46.67843 NA 61.6822 70.017635 55.01386 56.68094 52.51323 NA 66.68346 62.515745 50.0126 58.34803 NA 86.6885 80.02016 84.187875 46.67843 75.85244 73.35181 53.34677 58.34803 50.846145 41.67717 155.03906 58.34803 96.69102 NA 99.191655 62.515745 61.6822 66.68346 NA 55.01386 NA 45.01134 58.34803 58.34803 68.35055 NA 265.06677 60.84866 68.35055 61.6822 57.51449 63.34929 92.523305 61.6822 71.68472 70.85118
"54" 55.80714 64.45332 49.51901 NA 67.59738 67.20438 45.58893 55.80714 54.628115 NA 73.099495 60.52324 46.37495 55.02113 NA 88.81982 78.2086 82.53169 48.733 74.67153 66.81137 50.30503 54.23511 51.87706 46.37495 141.4829 56.59316 104.93315 NA 98.64502 57.37917 63.6673 62.09527 NA 49.519015 NA 42.44487 56.986165 59.73722 62.09527 NA 207.50825 62.09527 65.632345 62.88129 77.422585 63.6673 89.21283 58.95121 61.702265 77.81559
"55" 54.17178 75.494715 48.40883 NA 65.69769 78.376195 48.40883 54.17178 54.17178 NA 66.850285 73.76583 48.985125 56.47697 NA 84.13915 82.98656 82.98656 49.56142 77.799905 70.30806 44.95105 57.053265 53.01919 43.79846 134.85316 58.78215 94.51247 NA 98.546545 58.78215 56.47697 61.08733 NA 47.25624 NA 41.49328 56.47697 53.01919 72.61324 NA 221.2975 65.69769 66.85029 62.23992 72.61324 59.93474 96.81766 59.93474 63.39251 77.22361
"56" 50.36427 63.315085 48.92529 NA 64.75406 64.034575 47.48631 56.12019 43.169375 NA 69.071 66.193045 43.16938 51.80325 NA 89.9362 90.65569 77.70488 47.48631 83.46079 77.70488 56.12019 61.15662 54.68121 43.16938 112.24038 53.24223 125.19119 NA 108.64293 67.63202 61.87611 70.50998 NA 48.2058 NA 41.7304 57.55917 61.15662 83.46079 NA 176.27495 66.19304 70.50998 71.94896 69.071 73.38794 123.03272 69.071 64.75406 82.021815
"57" 50.68076 69.0038 48.34164 NA 56.91839 60.427055 46.00253 54.57928 44.053275 NA 65.10528 60.81691 44.053275 56.91839 NA 84.98773 81.08921 82.258765 46.00253 79.5298 68.61395 49.12135 53.01987 50.290905 45.61268 128.65115 54.57928 86.157285 NA 97.46299 59.2575 56.13868 66.27484 NA 51.46046 NA 42.88372 56.13868 53.79957 80.309505 NA 206.621545 60.427055 67.83424 61.59661 73.682025 62.76617 98.63255 56.13868 64.71543 75.631285
"58" 58.37299 68.85019 47.89578 NA 58.37299 53.134385 44.9023 55.3795 51.637645 NA 74.83716 73.34042 46.39904 53.88276 NA 93.54645 74.08879 77.08228 47.89578 79.32739 76.33391 52.38601 60.6181 49.39253 44.902295 158.65478 53.88276 97.28831 NA 110.759 63.61159 70.34693 67.35345 NA 56.12787 NA 41.90881 55.3795 58.37299 86.062735 NA 250.70449 62.86322 63.61159 61.36647 60.618105 62.114845 89.804595 64.35996 61.36647 79.32739
"59" 45.94329 58.70531 48.49569 NA 51.0481 61.257715 40.83848 56.15291 45.94329 NA 61.25772 67.63873 45.94329 53.6005 NA 89.33417 79.12455 81.67696 45.94329 79.12455 71.46734 56.15291 49.771895 51.0481 44.667085 160.80151 53.6005 94.43898 NA 118.68683 63.81012 63.81012 61.25772 NA 51.0481 NA 40.83848 56.15291 54.876705 82.95316 NA 246.30708 61.25772 68.91493 61.25772 51.048095 63.81012 96.99139 66.36253 63.81012 74.01974
"60" 47.82292 68.14767 44.23621 NA 58.58308 69.34324 45.43178 60.97423 47.22514 NA 70.53881 69.34324 43.63842 54.99636 NA 86.08126 90.86356 86.08126 46.62735 84.287905 72.92996 50.21407 55.59415 54.99636 47.225135 126.73075 53.80079 114.177235 NA 101.623715 65.75652 64.56095 66.95209 NA 56.789725 NA 40.64949 56.19194 61.572015 87.27684 NA 203.84522 66.95209 72.92996 71.73439 60.97423 70.53881 96.24364 77.71225 69.34324 93.85249
"61" 53.96773 69.29947 51.51465 NA 60.10042 69.29947 45.38195 56.4208 50.28811 NA 69.91274 60.10042 48.4483 57.64734 NA 88.31082 80.95159 81.56486 47.83503 77.27197 69.91274 55.19427 58.87388 51.51465 49.06157 145.95817 60.10042 101.18949 NA 97.50987 65.00658 57.64734 69.91274 NA 50.90138 NA 44.15541 57.64734 57.64734 91.99044 NA 232.42918 65.00658 65.00658 58.87388 68.686195 65.00658 88.924095 61.32696 66.23312 77.88524
"62" 51.70871 65.00524 46.53784 NA 70.91481 58.726325 42.10567 62.05046 49.861975 NA 74.238935 67.221325 45.4298 54.6635 NA 89.012855 91.59829 75.346985 45.06045 86.42742 74.60829 56.87958 56.510235 50.97002 52.81676 101.94003 50.23132 87.535465 NA 103.78677 63.52785 62.78915 72.3922 NA 57.98763 NA 42.10567 56.14089 66.482635 81.25655 NA 161.7744 70.17611 80.517855 71.6535 64.266545 86.79677 110.43504 67.22133 62.050455 91.96764
"63" 55.64552 72.22078 46.17394 NA 69.85289 58.605385 44.98999 61.56526 49.13381 NA 73.40473 66.893015 46.765915 55.64552 NA 85.836175 92.34788 76.95657 46.17394 81.69236 72.22078 56.82947 56.829465 50.90973 48.541835 101.81946 56.82947 87.02012 NA 98.85959 66.893015 55.64552 71.03683 NA 53.27762 NA 41.43815 55.64552 58.01341 90.571965 NA 162.792745 68.076965 75.77262 66.30104 70.44486 88.204065 101.81946 62.7492 61.56526 88.20407
"64" 55.07137 71.342455 46.31001 NA 61.32948 79.478 47.56164 51.3165 43.18096 NA 72.59408 67.587585 45.05839 58.82623 NA 90.742595 75.09732 73.8457 47.56164 79.478 72.59408 60.07786 56.32299 50.06488 48.18745 140.18166 56.32299 91.36841 NA 112.64598 66.96178 62.5811 78.85219 NA 52.56812 NA 42.55515 57.57461 59.452045 73.8457 NA 217.156415 60.07786 67.58759 65.08434 61.95529 64.45853 90.742595 57.57461 65.08434 78.226375
"65" 45.77579 71.585545 47.7237 NA 63.30695 70.12462 42.85393 55.51532 51.132535 NA 66.22881 68.66369 46.26277 53.56742 NA 87.65577 86.68182 79.377175 45.77579 86.194845 73.04648 62.33299 53.567415 49.6716 41.87998 116.87436 54.54137 105.18693 NA 98.369255 60.38509 64.2809 81.81205 NA 51.132535 NA 41.87998 56.48928 60.385085 83.75996 NA 186.99898 66.22881 69.637645 72.07252 61.35904 74.507405 104.69995 74.99438 61.35904 87.65577
"66" 54.61511 67.269825 43.9585 NA 65.27171 67.935865 49.2868 57.27926 45.290575 NA 70.60001 70.60001 43.9585 51.95095 NA 83.254735 92.579265 85.25285 43.9585 83.254735 67.93586 61.27548 57.279255 53.28303 43.29246 115.89059 55.94718 99.239645 NA 94.57738 60.609445 65.27171 70.60001 NA 49.95284 NA 39.96227 55.281145 59.943405 66.603785 NA 179.16419 64.605675 75.92832 66.60379 61.941525 73.26417 102.569835 71.93209 67.269825 83.254735
"67" 57.84984 63.960735 51.33155 NA 50.51676 59.47941 49.70197 47.25761 53.36851 NA 68.44206 58.25723 42.77629 57.84984 NA 85.55258 75.367745 74.14557 49.70197 72.923385 64.36813 44.81325 59.072015 47.25761 40.73932 131.9954 56.22026 76.99732 NA 112.033135 62.331165 51.33155 56.22026 NA 48.88719 NA 39.92454 56.22026 55.81287 71.701205 NA 198.4005 53.368515 58.25723 57.03505 59.07202 56.220265 74.55296 47.25761 58.25723 70.07163
"68" 52.60358 69.962765 47.34323 NA 75.74916 62.07223 52.60358 62.07223 52.603585 NA 80.483485 74.171055 48.921335 53.65566 NA 88.37402 89.42609 75.223125 47.34323 84.691775 74.69709 53.65566 45.76512 52.077545 50.49944 103.10303 54.70773 103.62906 NA 89.95213 66.28052 59.96809 74.69709 NA 53.65566 NA 41.0308 55.7598 63.1243 72.59295 NA 167.2794 67.858625 73.118985 78.90538 48.3953 83.6397 114.14978 85.21781 62.07223 87.32195
"69" 54.89405 74.49906 47.05204 NA 62.73605 62.73605 39.21003 54.89405 54.89405 NA 70.57806 62.73605 47.05204 54.89405 NA 94.10408 86.26207 86.26207 47.05204 78.42006 78.42006 47.05204 66.657055 54.89405 47.05204 133.31411 54.89405 101.94608 NA 94.10408 66.657055 62.73605 70.57806 NA 47.05204 NA 39.21003 54.89405 54.89405 74.49906 NA 211.73418 62.73605 70.57806 62.73605 54.89405 62.73605 94.10408 54.89405 70.57806 90.183075
"70" 45.65356 62.25485 47.72872 NA 60.17969 74.705825 49.80388 51.87904 45.65356 NA 66.40518 58.10453 46.69114 51.87904 NA 89.23196 85.08163 83.00647 47.72872 80.93131 72.63066 49.80388 52.916625 49.80388 40.465655 136.96068 56.02937 112.058735 NA 120.35938 60.17969 62.25485 68.48034 NA 50.84146 NA 41.50324 56.02937 68.48034 75.743405 NA 213.74166 64.33002 70.5555 68.48034 58.10453 66.40518 101.68293 64.33002 66.40518 94.41986
"71" 48.87883 63.542475 44.53404 NA 55.396 62.99938 41.27545 53.22361 47.79263 NA 70.05965 62.999375 44.53404 52.13741 NA 91.24048 84.7233 79.29232 44.53404 84.1802 71.68895 56.4822 60.826985 51.05122 39.10306 125.99875 54.30981 98.84385 NA 101.01624 61.91318 65.17177 71.68895 NA 47.79263 NA 39.64616 55.396 60.826985 84.1802 NA 192.25672 61.91318 70.60275 61.91318 65.17177 73.31824 100.47314 65.17177 65.714865 90.69738
"72" 52.83735 77.434045 49.19339 NA 59.21427 66.046685 51.01537 59.21427 47.37142 NA 68.779655 66.046685 51.470865 60.12526 NA 87.45492 77.43404 74.70108 48.2824 73.79009 70.14613 61.03625 53.74834 51.92636 48.2824 135.73732 54.65933 93.376345 NA 102.03074 65.59119 62.85822 65.59119 NA 53.292845 NA 45.54944 57.39229 58.758775 62.85822 NA 227.291695 62.85822 63.76921 56.4813 60.12526 60.12526 99.753265 66.50218 61.03625 75.612065
"73" 58.63094 67.57465 50.68098 NA 53.66222 61.115305 53.66222 54.65596 50.680985 NA 71.052755 67.077775 47.20288 57.6372 NA 87.946415 77.51209 79.00271 47.69975 76.51835 69.56214 57.6372 53.66222 52.66847 41.24041 137.13678 52.66847 90.43078 NA 98.87761 64.593415 62.60592 70.55588 NA 55.64971 NA 43.72477 57.6372 60.61843 81.983945 NA 221.10822 60.61843 66.08403 59.62469 56.64345 68.07152 84.96518 51.67473 66.5809 79.00271
"74" 55.31418 68.414905 43.66909 NA 52.40291 64.048 49.49163 58.22545 56.769815 NA 69.87054 64.048 46.58036 58.22545 NA 90.24945 78.60436 77.148725 46.58036 78.60436 69.87054 52.40291 61.13672 49.49163 43.66909 131.00727 55.31418 90.24945 NA 117.90654 66.95927 58.22545 69.87054 NA 52.40291 NA 40.75782 55.31418 56.769815 80.059995 NA 205.24472 61.13672 61.13672 61.13672 75.69309 61.13672 90.24945 55.31418 65.503635 72.78182
"75" 64.4507 80.290275 52.43447 NA 60.08116 83.021235 51.34208 56.804 54.619235 NA 70.458815 66.635465 46.42635 62.26593 NA 88.48316 72.643585 80.290275 46.97254 78.105505 68.82024 56.804 63.35831 51.888275 45.333965 145.28717 55.71162 75.920735 NA 96.676045 60.62735 64.4507 66.63547 NA 56.25781 NA 47.518735 60.08116 58.98877 72.643585 NA 230.49317 60.62735 60.62735 60.08116 50.79589 57.350195 85.206005 55.71162 62.26593 72.643585
"76" 53.44556 63.40111 45.06195 NA 57.63737 63.925085 52.39761 51.34966 48.2058 NA 66.02099 62.877135 46.1099 53.44556 NA 92.743775 80.69232 80.168345 48.2058 82.78823 68.1169 52.39761 58.16135 49.25376 38.77423 127.85017 54.49352 100.07944 NA 101.12739 64.449065 57.63737 67.06894 NA 49.25376 NA 39.82219 54.49352 58.16135 72.3087 NA 214.306235 62.87713 61.82918 61.82918 70.2128 62.353155 93.791725 60.78123 62.877135 83.312205
"77" 45.39666 64.00185 45.39666 NA 58.7924 69.95551 44.65245 56.55978 44.652455 NA 69.2113 62.88554 48.001385 55.07136 NA 93.39805 85.58387 82.234935 45.39666 82.60704 71.44393 55.81557 61.397125 50.60612 43.53614 133.95736 55.81557 114.98007 NA 101.956435 61.397125 59.53661 69.95551 NA 52.094535 NA 42.41983 57.30398 62.51344 74.792865 NA 218.05282 64.00185 67.72289 63.25764 64.00185 59.1645 82.23494 72.93234 64.373955 90.04912
"78" 53.45448 66.818105 47.51509 NA 62.36356 66.818105 44.5454 50.48479 48.99994 NA 68.30295 62.36356 48.99994 59.39387 NA 92.0605 75.727185 71.27264 47.51509 74.24234 68.30295 53.45448 59.39387 50.48479 43.060555 139.57559 56.42418 106.90896 NA 108.39381 59.39387 59.39387 68.30295 NA 50.48479 NA 41.57571 56.42418 54.93933 74.24234 NA 216.78762 60.878715 65.33326 74.24234 71.272645 65.33326 92.0605 62.36356 65.33326 80.181725
"79" 53.16253 69.6176 50.63098 NA 59.4914 67.718935 49.36521 53.16253 51.26387 NA 67.08605 63.921615 49.365205 55.69408 NA 86.705555 76.57936 74.6807 46.83366 73.41492 69.6176 53.16253 60.75718 49.36521 48.09943 137.96942 58.22563 90.502875 NA 106.957945 62.65584 58.22563 58.22563 NA 49.36521 NA 44.30211 58.22563 58.858515 70.883375 NA 203.7897 58.22563 66.45316 65.82027 63.92161 57.59274 80.37668 56.95985 62.65584 71.51626
"80" 48.60783 63.46022 43.20696 NA 51.30826 62.110005 47.25761 52.65848 41.85674 NA 66.16066 63.46022 45.232285 49.95805 NA 87.76413 89.11435 82.36326 45.90739 83.03837 75.61218 66.16066 54.683805 54.0087 46.5825 141.77283 58.05935 103.291635 NA 105.99207 60.08468 56.70913 72.91174 NA 52.65848 NA 39.15631 55.35892 62.78511 91.139675 NA 216.7099 71.56152 68.86109 59.40957 76.96239 64.13533 101.26631 76.96239 70.21131 91.814785
"81" 51.70468 64.630855 46.26208 NA 70.75378 65.991505 50.34403 55.78663 44.22111 NA 68.712805 65.31118 45.581755 51.70468 NA 93.204495 85.72092 79.597995 48.98338 84.36027 74.83572 57.14728 57.827605 51.70468 44.90143 125.17976 54.42598 104.770015 NA 109.532285 60.548905 62.58988 72.11443 NA 51.70468 NA 40.81949 57.14728 65.31118 78.91767 NA 197.29418 65.991505 72.11443 72.11443 80.958645 70.073455 97.96677 61.22923 67.352155 82.99962
"82" 49.23666 63.597355 43.76592 NA 62.91351 60.17814 47.86898 53.33972 45.81745 NA 67.01657 62.91351 47.185135 53.33972 NA 84.79648 82.06111 77.27421 45.13361 72.48731 65.64888 47.86898 56.07509 47.86898 39.66287 124.45934 54.7074 89.583375 NA 108.047125 55.391245 61.54583 57.44277 NA 49.23666 NA 41.03055 54.7074 57.44277 75.906525 NA 183.2698 61.54583 65.64888 62.91351 70.435785 65.64888 88.21569 65.64888 67.01657 71.119625
"83" 53.20151 73.29986 48.47249 NA 68.57083 66.20632 46.10797 57.93053 57.93053 NA 67.388575 62.65955 46.6991 56.74828 NA 85.12241 83.94016 73.29986 47.29023 79.21114 70.93535 54.38376 54.38376 49.65474 44.92572 127.68362 56.74828 83.34903 NA 97.5361 62.068425 61.4773 73.29986 NA 49.65474 NA 42.56121 57.93053 62.65955 72.70873 NA 211.62378 67.979705 69.75309 74.48211 57.93053 67.979705 98.718355 59.11279 60.88617 77.43775
"84" 52.82632 70.87531 43.14149 NA 62.51114 62.51114 37.85886 58.10895 43.14149 NA 66.0329 65.15246 46.66325 51.94588 NA 90.68518 83.20145 74.397065 49.30456 81.88079 70.43509 54.5872 57.66873 49.30456 36.09798 107.41351 55.46763 78.799255 NA 103.45154 61.6307 61.6307 73.95685 NA 45.34259 NA 40.50018 55.46763 61.190485 73.51663 NA 159.79961 63.39158 64.71224 76.59816 64.71224 62.070925 89.80474 73.95685 61.6307 83.64167
"85" 52.74681 63.504385 50.6647 NA 51.35874 70.791775 44.41837 56.91104 55.52296 NA 67.66861 62.81035 42.683275 56.217 NA 101.3294 76.34407 78.7732 54.13489 78.42618 72.17985 57.60507 58.29911 51.35874 38.86607 158.24044 58.99315 86.06059 NA 128.04983 63.50439 61.07526 71.48581 NA 46.50048 NA 42.33626 57.60507 58.29911 73.914945 NA 246.73016 55.52296 66.280535 64.54544 74.26196 54.828925 89.877795 59.68718 63.50439 80.508295
"86" 58.14294 63.95723 43.6072 NA 65.4108 66.86438 44.33399 52.32864 45.787565 NA 66.500985 61.413475 46.51435 55.23579 NA 106.11086 77.766175 78.492965 51.60186 83.21708 74.85903 54.509 61.05008 51.238465 41.06345 156.25914 59.59651 94.11888 NA 117.376055 61.77687 57.41615 64.68402 NA 51.60186 NA 42.15363 58.14294 61.413475 74.85903 NA 257.282495 58.86972 68.681345 66.86438 67.22777 62.140265 93.0287 61.77687 63.95723 70.861705
"87" 53.84542 74.254575 54.71389 NA 79.89966 76.425755 51.24 57.31932 43.85796 NA 74.68881 66.4383 47.7661 57.31932 NA 97.703385 84.24203 77.29423 50.37152 86.84745 76.42576 50.37152 57.319315 51.24 48.200335 122.45491 58.18779 102.045755 NA 104.65118 68.17525 59.05627 78.16271 NA 54.71389 NA 43.42373 58.18779 67.74101 77.72847 NA 205.828465 63.832875 72.08338 86.84745 62.09593 79.46542 92.926775 63.39864 62.964405 89.88711
"88" 48.66273 70.69868 51.41722 NA 76.20766 99.16178 51.41722 59.6807 50.499055 NA 71.616845 59.22162 51.41722 57.84437 NA 96.407285 90.439215 84.93023 50.49905 83.0939 72.53501 48.66273 57.844375 53.25355 47.28548 109.26159 59.6807 96.40729 NA 88.602885 62.894275 56.92621 71.61684 NA 47.74456 NA 42.23557 57.84437 60.59887 74.37133 NA 181.7966 64.27152 73.91225 67.02602 62.435195 74.830415 81.25757 56.00804 66.10785 78.503075
"89" 58.6399 67.210345 49.61837 NA 76.68294 74.878635 46.91192 55.03129 50.971605 NA 73.07433 76.68294 51.873755 58.6399 NA 99.23675 84.80231 81.1937 50.52053 82.99801 75.78079 53.22698 60.4442 53.22698 50.971605 156.97449 63.15066 95.628135 NA 101.943205 71.721105 60.4442 71.27003 NA 52.32483 NA 42.40116 60.4442 65.857115 79.3894 NA 255.760165 64.95496 73.07433 73.97648 57.286665 72.17218 93.823835 68.56357 67.66142 85.704465
"90" 50.28001 62.850015 42.47794 NA 61.54967 66.317605 52.8807 58.08208 44.645185 NA 66.3176 55.047945 50.280015 52.8807 NA 81.488295 86.68968 87.99002 45.07863 71.518985 63.28346 45.07863 48.97967 52.8807 38.14346 117.03106 54.6145 102.29382 NA 102.29382 61.98312 53.7476 63.28346 NA 47.245875 NA 40.74415 54.6145 50.71346 68.484845 NA 207.188325 64.15036 71.518985 66.75105 46.378975 73.25278 92.324505 63.28346 65.88415 79.7545
"91" 51.07749 65.9256 48.70179 NA 53.45319 61.76813 55.82889 51.07749 46.920025 NA 62.362055 62.95598 42.76255 55.82889 NA 95.02789 77.804085 89.08865 49.88964 75.42839 70.08307 60.58028 58.204585 52.26534 39.19901 157.98387 55.82889 90.2765 NA 108.09423 60.58028 58.20458 71.27092 NA 49.295715 NA 41.5747 55.82889 54.047115 60.58028 NA 254.19961 57.01674 68.301295 62.95598 57.61066 67.70737 84.337255 58.20458 65.9256 82.55548
"92" 56.23526 67.169895 53.11108 NA 64.56641 68.731985 44.77993 55.19387 52.069685 NA 66.6492 69.77338 45.30063 58.31805 NA 89.55986 85.39429 84.87359 49.9869 87.47707 73.93895 56.23526 56.755955 53.11108 42.176445 121.84307 56.23526 109.34634 NA 104.66007 61.44223 56.23526 79.14592 NA 55.714565 NA 40.61436 57.27665 55.19387 82.7908 NA 196.82341 63.52502 67.69059 69.77338 57.79735 74.45965 116.1154 68.73199 63.52502 83.311495
"93" 59.69655 68.43263 52.41649 NA 59.69655 74.256685 46.59243 55.32851 54.600505 NA 69.88865 70.61665 49.50446 61.15257 NA 93.18486 72.80067 84.448785 50.96047 71.34466 68.43263 52.41649 60.42456 52.41649 42.952395 149.96939 55.32851 88.81682 NA 103.376955 62.60858 64.06459 65.52061 NA 56.78453 NA 45.13642 59.69655 55.32851 66.97662 NA 239.514215 57.512535 61.15257 61.15257 62.60858 57.512535 82.264765 65.52061 61.15257 78.624725
"94" 55.47079 70.879345 50.67702 NA 67.79763 65.40075 49.30737 58.89491 49.64978 NA 75.673115 60.606975 49.99219 56.15562 NA 91.42408 86.2879 84.91825 49.30737 78.75483 70.53693 44.5136 57.867675 52.04667 42.11671 122.5836 54.10114 85.26066 NA 104.09334 61.63421 58.21009 61.63421 NA 53.073905 NA 43.14395 56.84044 61.976625 73.27623 NA 185.929875 64.0311 72.591405 76.01553 63.688685 66.08557 96.90268 56.15562 68.482455 76.01553
"95" 63.49591 81.13366 49.38571 NA 70.55101 70.55101 49.38571 63.49591 45.858155 NA 77.60611 70.55101 56.44081 56.44081 NA 77.60611 98.77141 91.71631 49.38571 84.66121 70.55101 56.44081 49.38571 56.44081 49.38571 105.82651 56.44081 102.29896 NA 91.71631 56.44081 63.49591 77.60611 NA 56.44081 NA 42.3306 56.44081 56.44081 77.60611 NA 162.26732 70.55101 77.60611 77.60611 56.44081 84.66121 95.24386 77.60611 70.55101 77.60611
"96" 51.09156 72.166835 45.98241 NA 61.30988 68.334965 52.36885 58.7553 51.09156 NA 66.41903 67.057675 48.53699 57.47801 NA 90.04888 74.08277 78.553275 48.53699 72.80548 65.14174 44.70512 61.30988 52.36885 44.066475 135.39264 57.47801 90.687525 NA 110.485505 58.7553 63.86445 72.80548 NA 53.64614 NA 43.42783 57.47801 56.20072 64.503095 NA 213.30728 62.58716 61.94852 66.41903 54.92343 71.52819 82.385145 54.92343 63.86445 68.334965
"97" 48.82002 69.29293 44.0955 NA 58.26905 60.63131 51.9697 56.69421 51.18228 NA 72.44261 69.29293 47.24518 53.54454 NA 92.91552 85.04132 73.23003 48.82002 78.74196 75.59229 62.99357 58.26905 51.9697 40.94582 140.1607 55.11938 100.78971 NA 112.60101 62.99357 58.26905 72.44261 NA 55.11938 NA 42.52066 55.906795 60.63131 74.01745 NA 217.32782 66.14325 70.08035 72.44261 67.71809 67.71809 87.40358 64.56841 61.41873 88.191
"98" 47.87207 66.13905 46.61228 NA 71.80811 64.249365 46.61228 54.17103 51.65145 NA 72.438005 65.509155 47.87207 55.43082 NA 90.075085 87.555505 70.54832 49.13187 85.66582 75.58749 50.39166 59.2102 49.13187 44.722595 113.38123 55.43082 98.893625 NA 108.342065 64.24936 64.24936 74.32769 NA 58.580305 NA 41.57312 56.060715 64.879255 90.704985 NA 188.33882 63.619465 70.54832 78.10707 60.46999 77.477175 98.893625 78.10707 59.2102 79.996755
"99" 49.39384 66.328875 47.98259 NA 59.27261 76.91327 47.27696 56.4501 52.56916 NA 68.09294 68.445755 45.160085 56.4501 NA 86.439225 81.85265 77.971705 45.86571 76.91327 70.56263 51.51072 54.68604 53.6276 40.2207 130.54087 54.33323 81.852655 NA 103.02144 62.80074 64.21199 72.67951 NA 50.805095 NA 43.0432 57.15573 55.391665 76.560455 NA 201.80912 62.80074 65.97606 59.97824 58.566985 66.328875 87.49766 64.91762 71.26826 89.614545
"100" 49.36839 66.45744 50.63424 NA 64.55866 72.153795 48.10253 56.96352 56.330595 NA 78.48307 70.25501 49.36839 54.43181 NA 89.87578 79.116 74.68551 48.10253 80.38186 74.68551 60.76109 63.2928 53.16595 47.4696 131.64903 56.96352 93.04042 NA 106.964835 65.191585 68.35623 69.62208 NA 56.330595 NA 44.30496 58.22938 59.49523 64.55866 NA 203.169895 63.92573 70.25501 65.82451 74.05258 66.45744 86.71114 72.15379 67.09037 78.483075
"101" 41.79703 64.51281 43.61429 NA 70.87323 63.60418 43.61429 56.33513 40.8884 NA 66.33007 67.2387 46.34019 50.88334 NA 90.86311 90.86311 79.95954 47.24882 90.86311 76.32501 59.96965 59.969655 49.06608 41.79703 116.30478 52.7006 106.30984 NA 109.944365 61.78692 59.96965 81.7768 NA 52.7006 NA 38.16251 54.51787 63.60418 79.95954 NA 194.44706 71.78186 76.32501 72.69049 67.2387 79.05091 97.22353 67.2387 61.78692 90.86311
"102" 47.80761 67.72745 40.63647 NA 85.2569 56.572335 45.41723 61.3531 41.831655 NA 73.305 68.922635 47.01082 50.99478 NA 82.468125 105.17674 80.47614 47.01082 90.03766 72.50821 58.96272 59.36111 53.38516 43.02685 62.94668 52.58837 109.9575 NA 108.363915 65.337065 61.3531 86.85049 NA 58.56432 NA 39.83967 54.97875 68.922635 80.874535 NA 90.43606 68.52424 76.093775 83.66332 77.687365 86.85049 115.93345 63.74348 63.34508 108.76231
"103" 42.27793 65.83277 42.27793 NA 56.77322 60.39704 50.73351 55.56528 47.71366 NA 65.2288 62.20895 46.50572 51.94145 NA 89.99159 82.743945 77.91218 44.69381 80.93203 72.47645 62.81292 62.81292 50.73351 39.25808 120.79408 51.94145 101.46703 NA 120.19011 62.20895 59.1891 73.68439 NA 51.94145 NA 38.65411 54.35734 60.39704 80.32806 NA 182.39906 67.64468 69.4566 62.81292 61.00101 59.79307 109.92261 66.43674 65.2288 80.32806
"104" 53.01237 63.72763 47.37275 NA 49.6286 69.93121 50.75652 50.75652 49.628595 NA 63.16367 58.65198 50.75652 55.26821 NA 85.72213 75.57082 81.21044 49.6286 77.262705 69.93121 57.52406 57.52406 51.88444 46.24483 147.75787 58.65198 99.82116 NA 99.2572 64.855555 62.03575 65.41952 NA 51.32048 NA 43.98899 58.08802 58.65198 72.18705 NA 232.35208 58.65198 65.41952 53.01237 74.4429 55.832175 93.617585 58.65198 64.855555 80.082515
"105" 54.5307 67.57065 47.418 NA 66.3852 71.127 45.0471 60.45795 55.123425 NA 68.7561 65.792475 52.752525 56.9016 NA 84.759675 81.79605 76.461525 47.418 79.42515 71.127 46.23255 55.123425 51.567075 46.23255 126.84315 55.71615 87.7233 NA 111.4323 64.607025 60.45795 72.31245 NA 56.308875 NA 42.6762 58.08705 64.607025 80.6106 NA 192.0429 66.3852 68.163375 81.79605 59.865225 71.127 87.7233 62.82885 62.236125 72.31245
"106" 52.28752 71.145315 45.43014 NA 77.14552 61.71642 47.14449 54.00187 44.14438 NA 76.28835 69.002385 49.716 54.85904 NA 102.8607 88.717355 77.57411 53.14469 85.71725 75.43118 53.14469 57.859145 52.28752 48.85883 123.43284 57.43056 97.28908 NA 101.57494 65.573695 66.00228 71.14532 NA 51.43035 NA 42.00145 56.57338 69.859555 78.85987 NA 199.292605 64.287935 76.28835 73.71683 64.287935 76.28835 96.860495 64.28794 64.287935 97.717665
"107" 49.66167 62.73053 47.91916 NA 60.98802 71.007475 42.69161 63.60179 51.404185 NA 63.60179 67.958075 45.74101 54.88922 NA 91.48203 84.51197 81.8982 46.17664 79.28442 70.57185 51.40419 61.423645 50.53293 45.305385 114.13472 54.01796 90.61077 NA 94.96706 61.859275 61.85927 69.70059 NA 52.71107 NA 43.56287 57.50299 59.68113 83.64071 NA 179.043395 66.65119 64.037415 63.60179 62.294905 67.958075 98.016455 68.82933 63.16616 82.769455
"108" 55.15367 70.19559 48.46838 NA 58.49632 72.70257 45.12573 53.48235 48.46838 NA 75.20956 69.359925 40.11176 58.49632 NA 86.90882 76.88088 83.56617 46.79706 77.71654 71.86691 53.48235 55.989335 50.1397 45.12573 157.10441 55.15367 110.30735 NA 96.93676 59.33198 66.85294 56.825 NA 50.975365 NA 45.12573 58.49632 55.15367 68.52426 NA 244.84889 58.49632 67.6886 61.83897 52.64669 56.825 101.11507 55.15367 58.49632 74.373895
"109" 50.2878 65.553735 43.10383 NA 55.67578 61.06375 37.71585 50.2878 45.797815 NA 64.65574 45.797815 44.89982 53.87978 NA 77.22769 75.4317 68.24773 46.69581 80.81967 66.45173 43.10383 64.65574 43.10383 44.89982 96.98361 52.08379 69.14572 NA 134.699455 62.859745 61.06375 62.85975 NA 46.69581 NA 37.71585 54.77778 57.47177 77.22769 NA 154.45538 52.981785 58.369765 64.65574 61.063755 57.47177 91.59563 50.2878 57.47177 70.941715
"110" 56.08022 67.39465 53.12863 NA 66.90272 68.870445 51.1609 56.08022 50.66897 NA 71.82203 66.902715 50.17704 59.03181 NA 80.184875 82.64453 87.07192 48.20931 80.67681 70.83817 55.09636 57.064085 55.09636 48.20931 127.90225 59.03181 85.59612 NA 92.9751 61.9834 60.01567 64.93499 NA 54.604425 NA 44.27386 59.03181 58.539875 81.168735 NA 211.038715 64.93499 70.346235 60.01567 54.604425 70.83817 98.38635 69.85431 64.93499 80.184875
"111" 53.91916 74.138845 42.36505 NA 59.69621 64.510425 46.21642 57.77053 55.84484 NA 75.10169 66.43611 51.99348 57.77053 NA 86.65579 80.87874 75.10169 48.14211 81.84158 67.39895 48.14211 60.659055 51.99348 41.40221 117.46674 55.84484 77.990215 NA 103.98695 63.54758 57.77053 69.32463 NA 50.06779 NA 42.36505 57.77053 57.77053 72.21316 NA 180.05148 63.54758 69.32463 63.54758 67.39895 64.510425 89.54432 53.91916 59.69621 80.87874
"112" 55.53523 71.56602 52.10006 NA 63.55062 74.142395 45.80225 60.11546 55.248965 NA 75.28745 72.99734 48.092365 58.39787 NA 79.867675 87.02428 76.14624 48.09236 87.310545 73.2836 61.83304 62.978095 54.9627 51.24127 112.21552 54.9627 93.035825 NA 93.89462 57.252815 62.9781 71.56602 NA 55.821495 NA 44.08467 58.9704 56.68029 76.71877 NA 170.899655 67.844585 73.283605 67.55832 55.821495 65.26821 101.623745 69.27591 64.69568 88.74186
"113" 53.55005 70.48131 43.31254 NA 74.81257 77.96257 48.82504 61.42506 44.88754 NA 76.38757 71.66256 47.25004 55.12505 NA 90.95633 92.92508 82.293825 46.46254 81.50632 75.60007 48.03754 59.06255 53.55005 45.67504 114.9751 57.48755 90.95633 NA 100.40634 66.54381 56.70005 76.38757 NA 53.55005 NA 40.16254 56.70005 61.031305 79.14382 NA 180.73141 64.57506 74.81257 74.81257 70.481315 83.475075 103.16259 64.57506 63.78756 96.07509
"114" 55.48602 77.680425 48.55027 NA 66.58322 68.663945 47.16312 56.87317 44.388815 NA 67.97037 72.825395 47.16312 55.48602 NA 90.858355 86.00333 74.90612 49.93742 80.45473 72.13182 54.09887 64.502495 52.71172 45.77597 129.00499 58.26032 112.35919 NA 106.81059 63.115345 65.19607 79.06758 NA 56.179595 NA 41.61451 56.87317 70.74467 74.90612 NA 199.056095 67.97037 69.35752 79.06758 73.51897 74.212545 99.87483 72.13182 62.42177 81.84188
"115" 58.5381 69.074955 50.34276 NA 65.56267 61.465 49.172 52.68429 51.51353 NA 65.56267 65.56267 46.83048 57.36734 NA 85.46562 77.27029 87.22177 44.48895 74.92877 70.24572 44.48895 52.09891 52.68429 43.31819 160.39439 57.36734 79.02643 NA 95.4171 61.465 56.19657 63.22115 NA 49.75738 NA 43.31819 57.36734 56.781955 77.85567 NA 261.07992 60.87962 66.14805 52.68429 50.34276 56.19657 84.88024 65.56267 62.05038 77.27029
"116" 51.422 71.99079 47.30824 NA 57.59263 69.93391 49.36512 57.59263 46.2798 NA 73.01923 60.67795 47.30824 53.47888 NA 88.44583 77.13299 78.16143 49.36512 78.16143 69.93391 49.36512 59.64951 51.422 42.16604 135.75407 55.53576 89.47427 NA 118.27059 59.64951 55.53576 67.87703 NA 51.422 NA 41.1376 55.53576 51.422 69.93391 NA 222.14302 63.76327 65.82015 57.59263 61.70639 61.70639 83.30363 55.53576 61.70639 76.10455
"117" 56.65992 69.848005 50.79855 NA 59.59061 64.96353 42.98339 56.65992 53.24079 NA 66.42887 69.848005 51.77545 60.5675 NA 89.38591 78.15162 68.87111 48.84476 80.10541 69.35956 62.52129 62.032845 50.79855 42.98339 124.06569 52.75234 88.409015 NA 110.389155 60.079055 59.59061 71.31335 NA 57.63682 NA 44.93718 57.63682 55.68303 73.26714 NA 199.77507 63.986635 66.42887 64.47508 48.35631 61.5444 91.3397 62.52129 60.079055 74.732485
"118" 56.61635 67.80796 49.37473 NA 71.0996 57.93301 52.00804 57.93301 54.312195 NA 74.39125 71.428765 54.312195 55.29969 NA 91.50782 82.94954 78.99956 48.7164 82.29121 73.07459 59.908 58.920505 51.34971 46.412245 120.47433 55.95802 105.003585 NA 94.470305 63.528815 65.83297 78.34123 NA 54.970525 NA 42.79143 57.27468 64.51631 83.937035 NA 197.828065 67.14963 71.0996 68.46629 68.46629 65.83297 107.30774 67.80796 63.528815 82.94954
"119" 54.01767 63.020615 45.70726 NA 56.7878 50.554995 42.93712 55.40274 43.629655 NA 70.63849 65.790745 45.70726 49.86246 NA 90.721975 83.1041 76.17876 45.70726 81.71903 74.79369 56.7878 65.09821 51.24753 34.62671 119.11588 54.01767 103.187595 NA 117.730815 59.55794 66.48328 66.48328 NA 50.554995 NA 40.16698 55.40274 63.71315 92.10705 NA 189.061835 63.71315 69.945955 60.94301 65.098215 65.09821 95.56972 58.17287 67.175815 86.566775
"120" 51.41921 65.44263 49.54942 NA 60.76816 71.051995 48.61452 55.15879 55.15879 NA 70.1171 56.56113 48.147075 57.02858 NA 83.673075 80.86839 78.9986 46.74473 74.79158 67.31242 50.48431 59.833265 52.3541 43.472605 119.66652 57.02858 96.29415 NA 106.578 59.83326 55.15879 59.83326 NA 53.756445 NA 42.07026 57.96347 58.89837 64.040285 NA 193.055755 62.63794 69.18221 65.44263 63.10539 68.24731 80.86839 57.96347 65.44263 74.32413
"121" 53.52805 70.70496 52.72912 NA 68.70765 59.919455 41.54416 54.32698 47.935565 NA 65.11248 72.302815 45.139325 53.52805 NA 91.8765 82.688855 71.90335 47.93557 84.68617 70.3055 51.9302 56.32429 48.73449 47.13664 111.05073 57.52268 104.259855 NA 113.447505 66.31087 63.11516 68.70765 NA 47.93557 NA 41.54416 55.92483 63.514625 74.69959 NA 182.554615 60.71838 65.911405 69.50657 72.702275 75.09905 92.675425 67.10979 61.51731 86.683485
"122" 51.15086 67.0831 46.11963 NA 51.15086 60.37479 41.92694 54.50502 46.5389 NA 71.695065 70.01799 49.054515 53.66648 NA 90.14292 81.33826 74.62995 47.79671 82.1768 72.95287 57.02064 64.986755 50.31233 43.60402 138.3589 53.66648 107.33296 NA 120.33031 57.439905 59.53625 71.2758 NA 54.08575 NA 41.92694 55.34356 64.986755 77.564835 NA 213.40812 63.72895 65.40602 56.1821 68.76018 53.66648 93.49707 68.76018 64.56749 90.14292
"123" 47.71438 67.4225 38.37896 NA 78.83246 53.419365 45.63984 61.19888 40.4535 NA 71.57157 68.459765 50.82619 50.82619 NA 86.09334 97.5033 77.79519 45.63984 90.761055 72.60884 56.01254 57.0498 52.90073 47.195745 92.31696 51.86346 110.46917 NA 108.91326 68.9784 53.938 79.86973 NA 53.938 NA 37.34169 52.90073 61.19888 66.38523 NA 145.21768 71.57157 82.4629 79.86973 62.23615 90.24242 112.543705 78.83246 62.23615 100.61511
"124" 48.14179 63.29754 48.14179 NA 58.83997 49.033305 51.70785 55.27391 55.27391 NA 67.75511 58.83997 48.14179 53.49088 NA 92.71752 76.67026 86.476925 44.57573 74.88723 65.97208 44.57573 57.05694 48.14179 41.00967 139.07629 51.70785 93.609035 NA 119.462965 56.165425 57.05694 67.75511 NA 49.033305 NA 41.00967 53.49088 49.92482 67.75511 NA 234.468355 62.40603 65.080565 64.18905 63.29754 62.40603 95.392065 65.97208 64.18905 70.429655
