"V1" "V2" "V3" "V4" "V5" "V6" "V7" "V8" "V9" "V10" "V11" "V12" "V13" "V14" "V15" "V16" "V17" "V18" "V19" "V20" "V21" "V22" "V23" "V24" "V25" "V26" "V27" "V28" "V29" "V30" "V31" "V32" "V33" "V34" "V35" "V36" "V37" "V38" "V39" "V40" "V41" "V42" "V43" "V44" "V45" "V46" "V47" "V48" "V49" "V50" "V51"
"1" 63.015055 72.400275 53.18292 NA 61.227395 52.512545 61.003935 55.86441 33.07173 49.6076 64.80272 85.80773 43.7977 58.5459 NA 64.80272 86.03119 111.058445 42.90387 58.99282 71.05953 60.33356 50.27797 59.66319 40.66929 31.28407 51.39526 53.629835 NA 99.21519 70.165695 77.31634 55.86441 NA 46.47919 NA 40.66929 54.97058 81.7855 78.21017 NA 33.742105 52.736 81.33858 78.43363 88.04231 63.46197 64.579255 49.6076 64.3558 54.07675
"2" 51.683895 71.288125 53.4661 NA 52.87203 48.11949 65.34745 55.84237 35.64406 42.77288 64.15932 73.6644 46.33728 59.40677 NA 60.59491 87.92203 127.1305 41.58474 57.0305 64.15932 62.971185 43.366945 60.00084 36.8322 29.70339 49.90169 54.65423 NA 109.30847 68.31779 87.92203 48.71356 NA 43.366945 NA 41.58474 53.4661 86.73389 73.6644 NA 34.45593 52.27796 80.79321 72.47626 87.32796 64.753385 53.4661 46.33728 67.72372 55.84237
"3" 68.99773 83.1109 54.36185 NA 61.67979 50.18017 71.61128 62.72521 41.81681 50.18017 72.13399 84.67903 58.54353 65.86147 NA 61.67979 82.58819 107.15556 42.86223 51.7483 70.04315 76.31567 44.95307 59.58895 42.86223 33.45344 51.22559 56.45269 NA 96.17865 61.15708 95.13323 59.58895 NA 52.27101 NA 44.95307 56.45269 85.72445 96.70136 NA 39.72596 54.36185 80.49735 74.74754 66.90689 65.33876 50.70288 45.99849 68.99773 50.18017
"4" 67.032075 69.686815 51.76735 NA 49.11261 51.103665 61.05892 58.40419 34.51156 39.82104 73.00523 67.69576 47.78524 61.05892 NA 57.07682 84.95154 120.126795 42.47577 59.73155 63.71366 58.40419 43.80314 58.40419 41.1484 30.52946 50.43998 55.74945 NA 103.53469 66.36839 88.93365 49.11261 NA 45.13051 NA 43.80314 54.42208 76.98734 83.62418 NA 31.85683 54.42208 78.978385 66.36839 79.64207 68.359445 53.094715 49.11261 67.69576 53.09471
"5" 56.385905 76.851905 53.46219 NA 53.04452 46.77942 63.06868 59.30962 36.75526 48.45011 66.82774 83.53468 48.45011 59.30962 NA 60.98031 86.87606 109.430425 45.10873 51.7915 61.81566 67.245415 49.703135 60.14497 43.43803 31.74318 54.29754 55.132885 NA 96.90022 64.3217 81.86398 48.45011 NA 45.10873 NA 44.27338 55.96823 75.18121 81.02864 NA 35.91991 55.96823 83.534675 71.00447 70.5868 57.221255 46.36175 49.28546 65.99239 55.13289
"6" 62.603935 78.41627 50.98671 NA 55.82722 50.018605 67.121745 55.50452 34.20627 39.36948 65.83094 81.96598 49.05051 57.44072 NA 57.44072 91.3243 122.30356 41.30569 57.44072 67.76715 55.82722 42.91919 58.08612 39.04678 31.62467 50.98671 53.568315 NA 97.45561 62.603935 83.25678 49.69591 NA 44.532695 NA 38.72408 52.92291 89.71079 67.767145 NA 36.14248 56.79532 84.87028 80.02977 69.38065 65.18554 54.85912 56.14992 67.12174 52.92291
"7" 59.61542 70.63676 53.10281 NA 54.60572 50.59796 63.12221 54.10475 31.06014 44.08536 66.12803 68.13191 51.09893 57.11057 NA 49.09506 95.68526 146.28323 41.07954 48.09312 59.11445 46.59021 38.57469 61.6193 41.58051 29.05626 53.10281 45.0873 NA 91.17653 63.62318 82.15907 38.07372 NA 39.07566 NA 42.08148 53.10281 72.13967 65.12609 NA 34.06596 53.10281 84.16295 69.13385 45.58827 53.60378 39.07566 41.07954 69.13385 39.07566
"8" 66.23576 73.30091 51.81109 NA 64.469475 50.0448 56.226805 57.10995 32.38193 42.97965 68.88519 77.12787 48.86727 60.05376 NA 54.7549 85.9593 111.27608 43.56841 55.04928 69.47396 68.00205 47.98413 55.93242 42.09651 32.38193 50.0448 50.63356 NA 105.97722 60.936905 88.31435 50.63356 NA 47.98413 NA 41.21336 54.16614 80.66044 88.31435 NA 39.44708 55.93242 82.721105 77.716625 78.894155 65.35262 53.28299 58.87623 64.76386 48.86727
"9" 60.15989 74.75751 50.42814 NA 56.621075 46.889325 63.69871 49.54344 38.04228 29.19524 63.69871 68.12223 48.65873 59.27519 NA 47.77403 81.39279 130.49388 38.04228 42.4658 53.08226 42.4658 40.254045 58.39048 34.50347 23.88702 53.96696 43.79286 NA 110.58803 64.14106 71.66105 38.92699 NA 35.38817 NA 38.04228 52.19755 58.39048 53.082255 NA 26.54113 40.6964 73.43045 61.48695 51.7552 52.639905 29.637595 32.73406 67.23752 40.6964
"10" 49.559135 78.372585 44.94898 NA 53.59302 57.6269 66.27094 54.16929 28.81345 42.64391 64.54213 78.37259 48.4066 58.77944 NA 55.32183 95.08439 130.81307 41.49137 55.898095 65.69467 52.44048 40.33883 62.23705 36.30495 29.96599 53.01675 59.93198 NA 99.11827 70.88109 80.67766 44.94898 NA 44.372715 NA 38.03376 53.01675 78.37259 74.91497 NA 38.03376 57.6269 87.01662 74.91497 73.186165 62.23705 46.10152 53.01675 67.99974 54.16929
"11" 69.30426 73.38098 52.54441 NA 57.527065 58.433005 70.66317 53.45034 35.33158 44.39096 67.94535 81.53442 53.45034 59.79191 NA 56.16816 87.87599 115.5071 40.76721 51.63847 68.85129 66.133475 38.0494 57.527065 39.861275 29.89595 49.82659 48.01472 NA 100.55912 60.24488 91.49974 48.92065 NA 46.20284 NA 42.57909 53.45034 82.44036 81.98739 NA 32.61377 53.45034 83.79927 75.645825 68.398325 67.03941 56.62113 53.45034 70.66317 48.01472
"12" 62.591675 76.26717 47.33824 NA 62.59168 48.3902 68.37746 54.70197 32.61079 37.87059 62.0657 73.63727 49.44216 56.80589 NA 56.80589 91.5206 124.13139 39.97452 58.90981 65.22158 64.16962 41.55246 58.90981 36.81863 27.35098 52.59805 53.12403 NA 89.41668 63.64364 79.94903 50.49412 NA 41.02648 NA 38.92255 52.59805 73.63727 74.16325 NA 32.08481 57.85785 79.42305 65.22158 66.27354 67.3255 58.90981 52.59805 69.42942 52.59805
"13" 62.633245 76.907795 46.61078 NA 59.72007 53.89372 69.91618 52.43713 34.37545 40.78444 64.08983 80.4036 48.94132 55.35031 NA 57.09821 83.89941 119.44014 43.69761 54.476355 62.92456 58.263485 44.86288 58.26348 40.78444 29.13174 53.01977 47.193415 NA 101.96109 62.92456 84.48205 48.94132 NA 43.69761 NA 41.94971 53.6024 77.49043 80.986235 NA 32.62755 50.68923 80.98624 66.711685 76.033845 68.16827 47.776055 51.27186 69.91618 48.35869
"14" 55.85302 78.83421 48.28959 NA 59.343835 45.67148 59.634735 60.50744 40.72616 46.54418 68.07087 82.61592 50.6168 61.67104 NA 64.58005 83.19773 102.979005 44.21697 56.72572 70.39808 69.816275 47.416885 58.18023 42.762465 31.41732 53.52581 59.05293 NA 110.54243 66.32546 100.06999 50.035 NA 49.45319 NA 43.05337 55.85302 83.19773 89.30665 NA 37.81715 55.27122 79.41601 75.6343 93.96107 66.32546 49.16229 51.1986 64.58005 54.68941
"15" 59.658165 78.5124 49.52753 NA 61.346605 47.839095 67.818955 56.8441 33.20596 44.46222 68.10036 87.236 54.59285 59.09535 NA 57.96973 89.768655 124.66306 41.08534 54.03004 68.66317 68.663175 51.21597 61.0652 39.67831 29.26627 51.77879 54.59285 NA 95.67819 63.31645 89.48725 52.3416 NA 43.33659 NA 41.64815 54.59285 85.54756 79.35662 NA 32.08034 55.15566 84.98475 69.22599 93.145535 64.442075 55.155665 54.03004 70.91443 51.21597
"16" 62.97096 73.76598 54.57483 NA 59.372615 57.273585 66.269435 53.97511 34.18423 44.97926 63.57068 73.16626 46.1787 57.57345 NA 64.17041 89.65865 112.748005 40.78119 53.975105 65.96958 61.77151 45.279115 57.87331 40.18147 31.18562 53.97511 44.679395 NA 93.55685 67.76875 83.96128 49.17732 NA 41.98064 NA 40.78119 53.37538 80.36294 75.26529 NA 38.68216 50.37677 80.362935 70.767365 76.464735 66.5693 56.673865 56.97372 67.76875 49.17732
"17" 70.98742 70.43713 55.02901 NA 59.43133 49.52611 66.03481 56.12959 37.41973 41.82205 64.93423 89.14699 52.82785 62.73307 NA 60.53191 77.04061 100.703085 44.02321 52.82785 66.03481 64.38394 51.72727 58.33075 40.72147 31.91682 51.72727 51.17698 NA 111.1586 62.73307 86.94583 51.72727 NA 50.62669 NA 46.22437 57.23017 70.43713 77.5909 NA 34.11799 55.02901 84.19438 64.38394 96.30076 62.18278 47.87524 49.52611 73.73887 52.82785
"18" 63.41715 71.65314 50.23956 NA 62.18175 50.23956 65.88794 55.18115 28.82598 46.12156 66.71154 79.88913 51.88676 59.29915 NA 58.47555 91.41952 122.3045 43.65076 58.47555 70.82954 61.76995 46.12156 60.94635 40.76817 28.82598 52.71036 48.59236 NA 97.18472 67.53514 102.12631 46.12156 NA 46.53336 NA 41.17997 55.18115 87.30153 70.82954 NA 35.82657 53.53395 87.71333 71.24134 74.947535 60.12275 55.59295 54.35755 68.35874 47.76876
"19" 68.692395 76.55794 53.48568 NA 62.39996 48.76636 67.11929 54.53442 37.7546 42.99829 70.2655 81.80163 46.14451 59.77812 NA 60.82685 86.52096 120.0806 44.04703 55.58316 68.16803 65.54618 44.5714 60.82685 42.47392 31.46217 50.33947 58.72938 NA 93.33776 63.97307 89.1428 56.6319 NA 46.66888 NA 44.04703 54.53442 82.85037 78.655415 NA 37.23023 55.58316 79.704155 76.03357 77.60668 65.02181 62.92433 53.48568 75.5092 52.43694
"20" 53.204355 74.00862 48.4296 NA 59.343315 55.591725 64.11807 55.25067 34.10535 40.92643 63.43596 76.39599 48.4296 55.25067 NA 57.297 100.26974 119.027685 41.60853 55.25067 64.11807 50.134875 45.01907 61.38964 36.49273 28.6485 53.20435 55.93278 NA 99.58764 73.66757 87.30971 45.01907 NA 43.3138 NA 39.56221 51.84014 79.80653 70.59808 NA 33.42325 53.88646 86.6276 73.667565 89.35603 70.25703 52.52225 49.11171 69.57492 52.52225
"21" 60.656915 75.73349 49.78776 NA 51.891465 51.19023 66.96804 54.69641 32.25686 42.07416 65.21495 77.8372 46.28158 59.60506 NA 51.19023 84.14832 134.286695 42.07416 47.68405 60.3063 53.644555 41.372925 61.70877 34.36056 29.45191 51.89146 51.19023 NA 89.05697 62.410005 84.84956 40.67169 NA 42.07416 NA 42.07416 53.99517 77.13596 55.39764 NA 36.46427 51.19023 85.200175 61.35815 69.071745 54.69641 43.82725 43.47663 71.52607 45.58034
"22" 52.21194 70.68694 50.60542 NA 65.46574 47.39238 58.638025 54.62172 38.55651 40.16303 63.45759 69.08042 48.9989 56.22825 NA 53.81846 97.9978 136.55431 42.57281 61.04781 60.24455 38.15488 43.77771 63.45759 36.94999 26.5076 49.80216 55.826615 NA 98.80106 65.06411 69.08042 36.94999 NA 43.37608 NA 38.55651 52.21194 75.5065 63.05596 NA 30.5239 54.62172 82.73585 75.90813 52.21194 73.09672 53.41683 57.83477 65.86737 49.80216
"23" 64.15041 76.099995 47.79834 NA 62.89256 55.974375 57.86115 50.31405 38.99339 40.25124 65.40826 67.92396 52.82975 57.86115 NA 56.6033 84.904955 122.01156 42.76694 47.79834 60.37686 53.458675 48.42727 56.6033 37.73553 26.41487 52.82975 47.798345 NA 110.6909 70.43966 80.50247 40.25124 NA 39.622315 NA 38.99339 54.0876 76.72892 76.099995 NA 30.18843 46.54049 77.98677 66.037185 61.634705 59.74793 45.28264 41.50909 62.89256 44.02479
"24" 65.042175 72.60522 49.91609 NA 65.42033 47.647175 62.773265 58.99174 30.25218 40.84044 65.04218 83.19348 49.15979 54.45392 NA 63.52957 91.890985 105.504465 41.59674 62.77327 70.33631 65.79848 50.672395 54.45392 38.949675 28.73957 52.185 59.748045 NA 99.07588 66.93294 90.00022 54.45392 NA 43.10935 NA 39.32783 52.94131 91.51283 83.19348 NA 33.27739 57.47913 83.571635 75.630445 84.70609 71.84892 59.369895 52.94131 63.52957 51.4287
"25" 57.55155 71.22402 48.96651 NA 54.371905 48.012625 62.32102 52.78209 22.89344 49.60244 61.04916 69.31623 43.87908 57.23359 NA 50.23837 95.38931 139.268395 43.24316 51.828195 63.59288 53.418015 43.56112 61.68509 38.155725 30.52458 54.68987 52.782085 NA 90.30188 61.367125 80.12702 39.42758 NA 41.653335 NA 38.79165 52.78209 71.22402 74.0857 NA 37.201835 51.51023 78.855165 75.67552 74.0857 59.14137 46.4228 46.4228 74.40366 45.15094
"26" 62.690195 79.127255 46.63539 NA 55.427305 51.60473 74.92243 53.51602 33.63864 42.81281 58.86762 71.86437 43.57733 59.63213 NA 49.69345 99.76915 154.814195 42.81281 48.92893 59.63213 43.57733 39.3725 64.98374 34.40315 27.52252 56.57408 49.31119 NA 94.03529 68.04179 77.21597 35.93218 NA 42.0483 NA 39.75476 54.28053 77.98048 61.16116 NA 33.63864 52.7515 84.0966 69.95308 46.635385 57.72085 44.7241 49.69345 77.98048 43.57733
"27" 57.57102 68.102305 51.25225 NA 54.76268 53.3585 65.645005 51.95433 32.29594 42.12514 64.59187 76.52733 44.93348 53.3585 NA 58.2731 96.18573 127.428535 41.42305 56.86893 68.1023 61.43249 42.82722 60.37936 37.21054 31.59385 51.25225 57.571015 NA 100.39824 69.506475 82.8461 42.82722 NA 41.42305 NA 39.31679 53.3585 80.73984 71.96377 NA 41.774095 53.3585 90.217995 71.61273 81.79297 62.83666 50.550165 44.93348 65.99605 49.14599
"28" 59.434175 78.032625 44.47455 NA 59.434175 55.391035 67.116145 54.98672 33.96239 41.24004 67.11614 78.43694 45.28318 59.02986 NA 58.22123 90.56636 125.74169 42.04867 52.96515 63.88163 63.073 42.04867 60.242805 37.1969 29.11062 51.75221 51.347895 NA 105.12167 56.603975 73.58517 48.51769 NA 48.11338 NA 39.62278 52.56084 76.81968 74.79811 NA 34.77101 49.32632 85.310275 70.75497 85.310275 63.88163 52.96515 51.75221 72.77654 55.79535
"29" 69.788015 76.69772 52.51375 NA 64.95122 56.65958 62.18734 60.8054 38.00337 42.1492 62.87831 90.51713 50.44084 62.18734 NA 60.11443 83.261935 103.64557 39.38532 58.04152 69.09704 74.62481 52.51375 56.65958 45.258565 31.78464 49.74987 58.387005 NA 94.66295 57.696035 84.98937 56.65958 NA 46.98599 NA 42.1492 54.58667 76.00675 85.33485 NA 36.62143 55.96861 77.734175 72.5519 80.843545 65.987675 51.13181 53.20472 67.02413 51.13181
"30" 55.331005 75.160615 49.25419 NA 55.65084 47.01536 63.646645 58.2095 33.26257 39.65922 60.76816 74.20112 49.25419 55.65084 NA 56.2905 92.7514 126.97346 41.57821 55.331005 64.60614 54.37151 45.416205 55.65084 38.37989 28.78492 53.09218 49.254185 NA 98.50838 63.00698 92.11173 48.61452 NA 43.177375 NA 39.65922 52.45251 79.9581 77.719275 NA 32.942735 53.73184 78.67877 68.763965 68.444135 61.727655 52.13268 51.17318 65.24581 47.33519
"31" 68.59739 77.67646 51.44804 NA 61.0315 51.952435 66.075425 53.46561 39.34262 46.40412 69.60617 81.7116 54.4744 58.50954 NA 65.57103 83.72917 106.93122 44.38655 62.040285 76.66767 77.172065 49.43047 58.50954 48.42169 34.29869 50.43926 60.527105 NA 96.84337 64.057855 96.84337 61.53589 NA 53.46561 NA 44.38655 55.48318 94.8258 82.720385 NA 40.35141 52.45683 78.68524 82.72038 110.461975 68.59739 71.623745 56.49197 72.63253 57.50075
"32" 61.99456 69.24068 50.72282 NA 55.95613 51.93051 70.045805 50.72282 32.20497 49.11257 67.63043 74.07142 47.50233 54.74844 NA 54.74844 95.80978 134.8583 43.47671 59.176625 68.43556 55.151005 45.489515 60.38431 41.06133 28.17935 54.74844 53.138195 NA 98.22515 71.65605 91.78416 49.11257 NA 45.489515 NA 38.64596 53.1382 88.56366 67.630435 NA 35.42546 51.52795 88.161095 78.49961 80.51242 66.422745 54.34588 56.35869 70.85093 50.72282
"33" 66.51562 80.10483 45.77419 NA 54.714465 52.21119 67.946065 52.21119 29.32409 42.9133 67.94606 64.36996 48.63508 56.50252 NA 51.49597 95.12449 150.19656 42.19808 47.20463 62.22429 50.780745 37.90675 62.93951 38.979585 29.32409 53.64163 50.78074 NA 95.83971 72.595005 86.54183 36.47631 NA 38.26436 NA 40.76764 53.64163 81.53528 64.72757 NA 33.97303 51.49597 84.03855 77.60156 63.654735 53.28402 40.76764 49.3503 75.8135 48.63508
"34" 57.19383 77.716315 46.42793 NA 55.84809 52.48375 73.679105 54.50235 29.60622 40.37211 57.8667 77.37988 52.48375 56.52096 NA 51.81088 88.81865 140.62953 40.37211 47.77367 57.19383 55.17522 41.381415 62.57678 33.979865 28.26048 53.82949 46.427935 NA 88.81865 71.32407 82.08996 39.02638 NA 40.03568 NA 39.02638 52.48375 69.30546 63.58608 NA 32.29769 53.15662 77.716315 70.6512 49.119405 60.894605 39.362815 43.73646 70.6512 51.81088
"35" 59.71751 79.62335 49.76459 NA 59.71751 44.788135 49.76459 59.71751 39.81168 39.81168 59.71751 79.62335 59.71751 59.71751 NA 59.71751 79.62335 99.52919 39.81168 49.76459 69.67043 54.74105 49.76459 49.76459 39.81168 29.85876 49.76459 39.81168 NA 129.38794 69.67043 89.57627 49.76459 NA 44.788135 NA 39.81168 59.71751 79.62335 74.64689 NA 29.85876 49.76459 69.67043 59.71751 69.67043 59.71751 39.81168 39.81168 59.71751 49.76459
"36" 57.760435 72.71997 53.18946 NA 60.66923 54.020545 71.473345 54.85163 31.58124 46.54078 69.81117 78.12202 49.86512 59.83815 NA 59.83815 87.679505 120.92292 43.21644 56.09826 68.98008 70.642255 41.554265 57.34489 44.04752 30.75016 50.69621 55.267175 NA 103.05458 64.82466 95.57482 49.03404 NA 47.78741 NA 43.21644 54.85163 84.77071 77.70648 NA 35.32113 53.18946 80.199735 73.9666 91.003845 60.66923 58.59152 47.37187 68.149 51.52729
"37" 62.17474 77.35694 56.39104 NA 53.49919 51.330305 69.404355 53.49919 37.59403 43.37772 59.28289 78.0799 52.05327 60.72881 NA 54.94512 88.20137 136.63983 41.9318 49.16142 62.17474 54.94512 39.76291 60.72881 36.1481 28.91848 49.16142 51.330305 NA 89.64729 65.06658 80.97175 44.82365 NA 47.7155 NA 43.37772 54.94512 78.0799 73.01917 NA 34.70218 47.7155 80.24879 68.681395 67.23547 60.00585 45.54661 40.48587 72.29621 44.82365
"38" 69.020315 79.66222 50.47301 NA 55.945985 43.175705 74.79735 52.90544 34.05408 43.17571 60.81085 74.18924 45.60814 57.77031 NA 52.90544 96.08115 144.72983 42.5676 55.64193 60.81085 46.82436 41.047325 65.06761 37.09462 29.18921 53.51355 60.202745 NA 96.08115 68.71626 74.18924 34.66219 NA 42.263545 NA 40.74327 54.12166 71.1487 64.155445 NA 35.27029 49.8649 86.655465 73.58113 53.817605 70.54059 51.99328 46.21625 78.446 52.90544
"39" 63.59535 71.908465 60.68576 NA 59.85445 50.71002 58.60748 54.86658 37.40903 44.05952 68.99888 84.7938 49.04739 63.17969 NA 64.84232 81.052895 95.185195 43.22821 49.878705 68.99888 76.065025 52.788295 54.86658 45.30649 29.92722 49.04739 53.61961 NA 111.39578 67.33625 91.44429 54.03526 NA 47.38477 NA 43.22821 56.5292 78.97462 91.028635 NA 34.499435 51.54133 81.46855 78.55896 81.46855 62.348385 52.37264 49.04739 64.84232 51.54133
"40" 60.575765 80.76769 48.83628 NA 61.9845 52.123335 61.514925 57.28871 34.74889 47.89712 68.55862 77.95021 55.41039 54.47123 NA 53.53207 92.97676 122.09069 43.20132 51.65375 63.86282 46.48838 39.91426 60.10619 36.15763 26.29646 50.71459 51.65375 NA 104.24667 63.39324 81.70685 39.44468 NA 42.26216 NA 40.38384 53.53207 76.07189 66.21072 NA 31.46183 46.95796 86.40264 76.54147 68.55862 64.80198 47.42754 59.16703 76.07189 49.77544
"41" 56.15226 80.737845 43.10065 NA 53.724055 47.653535 63.436875 54.63463 37.03014 38.24424 63.13335 67.98976 52.20642 55.24168 NA 58.88399 89.843615 117.76798 41.88655 53.724055 60.70515 51.295845 46.74296 57.06284 40.975975 26.71026 52.81348 49.77822 NA 118.37503 65.865085 73.45323 52.20642 NA 41.88655 NA 37.03014 52.20642 72.84617 64.95451 NA 30.049045 47.95706 69.81092 62.5263 78.00611 60.40162 43.100655 45.52886 63.7404 45.52886
"42" 63.25839 80.795375 53.23726 NA 56.368865 54.4899 67.32948 56.36887 35.70028 42.58981 69.5216 79.54273 45.09509 61.37943 NA 53.23726 87.05858 126.82995 43.21613 53.86358 63.25839 51.3583 41.65033 63.25839 41.96349 28.18443 50.10566 52.29778 NA 96.45339 66.70316 78.91641 45.72141 NA 43.84245 NA 41.33717 55.11622 83.92698 65.137355 NA 34.13448 54.4899 87.6849 74.53217 70.77424 58.24783 52.9241 47.60038 72.02688 50.10566
"43" 66.357325 69.103145 46.67894 NA 54.00113 50.34004 62.69623 53.08586 28.37348 40.27203 61.32332 68.64551 50.34004 52.17059 NA 55.83168 97.01898 115.78209 38.44148 52.17059 64.06914 48.50949 40.729665 62.23859 43.01785 29.28875 47.59422 51.71295 NA 100.68008 61.32332 75.05242 40.27203 NA 43.93312 NA 39.35676 50.34004 72.3066 62.23859 NA 34.78039 54.00113 86.035705 65.89969 61.780955 58.5775 60.40805 52.17059 69.56078 53.08586
"44" 60.124425 77.35754 45.18906 NA 56.294845 55.52893 69.31542 51.31639 35.99806 44.42314 60.50738 68.16655 43.65723 57.44372 NA 53.61414 95.73953 132.88647 43.65723 49.4016 58.97555 47.486805 42.50835 62.03922 38.29581 26.04115 52.84822 49.01864 NA 107.22827 64.71992 78.88937 38.29581 NA 40.59356 NA 39.82764 54.38005 75.05979 69.31542 NA 31.01961 50.55047 86.16558 71.99613 52.84822 56.6778 45.572015 43.65723 75.05979 42.89131
"45" 60.56013 76.76636 50.32462 NA 60.98661 53.30997 69.51621 55.44237 34.11838 47.76574 63.11901 74.20748 45.20686 56.29533 NA 57.14829 95.53147 124.95858 41.79502 55.44237 61.41309 53.73645 43.50094 60.56013 38.38318 28.14767 54.58941 46.91278 NA 106.61995 69.51621 72.50156 45.20686 NA 40.0891 NA 39.23614 53.73645 74.20748 70.369165 NA 31.5595 51.17757 84.01652 72.92804 61.41309 68.66325 53.73645 42.64798 73.35452 51.17757
"46" 68.17399 81.006745 47.05342 NA 64.9658 54.53919 66.302545 56.14329 34.22067 35.29007 63.09436 65.23315 45.98403 55.07389 NA 50.26161 101.59262 147.04194 41.70644 57.48003 60.95557 44.112585 46.51872 63.89641 36.62681 26.2002 56.67799 46.518725 NA 99.98852 72.986275 75.39241 34.75537 NA 35.29007 NA 36.89416 52.4004 75.92711 56.945335 NA 32.34923 51.33101 86.086375 75.92711 67.906645 69.24339 54.271845 55.60859 70.04543 40.10235
"47" 62.94659 78.68324 49.09834 NA 56.966665 51.93094 72.073845 50.98674 35.25009 48.46888 59.1698 70.50018 44.69208 57.2814 NA 50.35727 90.64309 136.5941 44.06261 51.301475 61.05819 45.63628 38.712155 62.31713 38.08269 27.6965 54.13407 52.24567 NA 88.75469 71.44438 83.71897 41.54475 NA 40.60055 NA 39.02689 53.5046 70.50018 57.2814 NA 33.99116 52.24567 80.57164 68.29705 56.966665 56.65193 42.48895 52.87514 70.50018 42.80368
"48" 65.10149 71.51995 56.84919 NA 57.76611 51.806115 62.809185 55.01534 36.6769 42.17843 64.18457 79.77225 45.84612 56.84919 NA 60.51688 86.649165 103.61223 43.09535 55.01534 66.01841 65.10149 48.138425 55.01534 44.470735 30.25844 51.34765 63.26764 NA 110.94761 67.852255 89.85839 47.67996 NA 49.97227 NA 42.17843 54.09842 75.18764 82.064555 NA 33.92613 55.93227 84.35686 72.43687 93.526085 66.476875 50.43073 55.93227 70.60302 53.1815
"49" 57.09194 66.924445 53.92017 NA 52.0171 46.307905 65.97291 53.92017 36.79258 43.13613 66.60727 79.92872 48.21097 57.09194 NA 57.7263 89.126865 105.937265 39.96436 50.74839 66.60727 62.801135 49.47968 58.99501 38.69565 31.71775 52.65146 51.06557 NA 98.32501 65.972915 90.0784 52.0171 NA 44.40484 NA 40.59871 53.92017 81.83178 83.41767 NA 39.33 53.28581 81.197425 74.5367 86.906625 57.7263 47.893795 42.50178 65.33856 51.38275
"50" 64.85428 69.20019 52.81947 NA 53.82237 51.816565 60.842675 54.82527 36.10445 43.45905 64.18568 79.5635 44.12766 59.50547 NA 58.16827 89.25821 121.68535 40.78465 51.14796 66.86008 55.82817 45.79916 59.50547 36.10445 31.42424 54.15667 53.82237 NA 94.94132 65.18858 88.92391 49.47646 NA 43.459055 NA 39.44745 54.15667 80.9007 75.886195 NA 36.10445 52.81947 83.5751 69.53449 78.226295 58.50257 51.816565 46.80206 67.52868 45.46486
"51" 61.36104 78.89277 51.67246 NA 50.28837 47.058845 65.974655 52.59518 30.44984 39.67707 62.74513 72.89507 51.67246 59.05424 NA 48.90429 86.27455 129.642505 43.36796 47.98157 60.89968 53.97926 41.06115 60.89968 33.67937 26.75895 50.74973 48.90429 NA 96.88586 65.513295 83.04502 36.9089 NA 44.75204 NA 42.44523 52.59518 80.27685 59.5156 NA 27.68167 48.90429 79.81549 65.05193 71.04963 54.440625 37.83162 45.2134 72.89507 45.2134
"52" 66.45592 86.58439 47.28594 NA 53.35643 55.27343 72.845905 51.11994 36.42295 40.89595 63.89992 74.76291 50.48094 58.14893 NA 47.28594 91.37688 145.052815 40.25695 45.36894 55.59293 44.41044 41.85445 63.89992 33.54746 26.83797 53.67593 40.895945 NA 91.37688 62.30242 77.9579 33.22796 NA 38.97895 NA 39.61795 53.03693 61.34392 51.75893 NA 31.63046 47.92494 78.5969 63.26092 61.663425 56.23193 42.81295 42.17395 70.92891 47.92494
"53" 84.03351 87.94204 52.76523 NA 58.62803 50.81096 78.170705 60.5823 33.22255 54.71949 72.3079 84.03351 54.71949 68.39937 NA 48.85669 85.98778 144.61581 37.13109 42.99389 58.62803 51.788095 39.08535 68.39937 42.99389 31.26828 54.71949 55.696625 NA 84.03351 54.719495 82.07924 39.08535 NA 42.99389 NA 48.85669 56.67376 68.39937 66.4451 NA 39.08535 56.67376 82.07924 71.33077 68.399365 59.605165 39.08535 41.03962 74.26217 50.81096
"54" 54.11072 74.04625 50.31348 NA 53.636065 45.56692 64.07849 53.16141 33.22588 47.46555 61.70521 68.35039 47.46555 59.80659 NA 51.26279 93.03247 133.378185 40.82037 48.41486 56.95866 49.36417 41.295025 62.179865 39.87106 30.37795 53.16141 51.737445 NA 84.48867 68.35039 71.19832 39.87106 NA 42.244335 NA 40.82037 54.11072 71.19832 61.230555 NA 37.97244 54.11072 85.912635 65.50245 54.11072 53.16141 47.46555 46.51624 73.09694 46.51624
"55" 58.3129 84.99201 51.07143 NA 49.16578 51.83369 71.27132 59.45629 37.35075 45.73561 64.79211 75.46375 52.59595 58.69403 NA 51.07143 88.42218 126.15405 40.39979 48.78465 61.74307 60.59968 45.35448 59.83742 39.63753 29.72815 56.40725 54.5016 NA 79.27506 65.55437 92.23348 52.59595 NA 43.44883 NA 43.44883 54.88273 77.75053 76.98827 NA 33.53945 55.64499 81.18071 65.9355 78.5128 61.36194 35.82623 52.59595 72.41471 41.92431
"56" 52.96047 73.19536 47.9642 NA 52.710655 44.96643 62.203565 56.45786 33.47501 43.96718 58.95599 69.94779 50.96196 58.95599 NA 51.96121 95.678575 122.408625 41.46904 47.9642 61.95375 50.96196 40.719605 62.45338 40.46979 27.97911 50.46233 46.215505 NA 80.93958 61.953755 91.93138 41.96867 NA 42.4683 NA 41.96867 53.46009 78.94107 56.95748 NA 33.225195 50.96196 83.43772 69.198345 68.69872 57.95674 40.96942 47.9642 69.44816 44.96643
"57" 56.48454 86.961805 45.51272 NA 47.13817 47.138175 78.021805 56.07817 35.75999 41.44908 60.14181 74.7709 48.76363 60.95454 NA 47.13817 93.46362 143.44634 41.44908 49.57636 60.95454 49.98272 36.166355 64.20544 35.75999 27.63272 55.26545 47.9509 NA 80.45999 66.64363 87.77453 43.88727 NA 41.855445 NA 41.44908 52.82726 73.95817 65.01817 NA 34.94727 48.76363 82.89817 67.862715 62.173625 50.795445 38.19818 52.01454 77.20908 44.69999
"58" 61.22634 83.49047 48.70277 NA 56.70394 47.311265 64.183295 51.13791 36.52708 42.78886 64.35724 81.05533 44.87613 54.2688 NA 51.13791 83.83834 141.411975 39.65797 46.26763 60.18271 55.66031 42.09311 63.3136 40.17979 27.1344 54.2688 52.877295 NA 90.10013 54.964555 92.18739 46.61551 NA 41.91917 NA 39.31009 51.83367 73.05416 65.400865 NA 33.918 52.52942 77.92444 62.791785 69.053575 51.833665 39.31009 49.39853 72.3584 53.57305
"59" 59.701325 76.626955 47.39177 NA 52.62333 44.92986 62.47097 54.7775 33.85126 40.62152 63.39419 72.62635 41.85247 58.47037 NA 52.31559 91.09068 135.09732 43.08343 50.7769 62.77871 52.007855 46.468555 58.778105 38.15961 29.54292 56.00846 50.7769 NA 100.93832 66.471575 83.08947 44.92986 NA 39.39056 NA 40.00604 54.7775 72.62635 64.00966 NA 32.92805 51.08464 85.55138 62.16323 65.856095 56.00846 44.006645 49.2382 72.01087 46.16082
"60" 73.164725 81.141325 53.36074 NA 50.06007 44.558965 67.93867 55.01107 37.40753 50.06007 56.11129 80.86627 49.50996 63.26273 NA 49.50996 82.5166 129.551065 39.60797 45.65919 57.21151 47.30952 41.80841 63.81284 36.03225 30.8062 54.46096 52.810625 NA 87.4676 63.26273 75.36516 43.45874 NA 42.90863 NA 42.35852 53.91085 70.96428 67.66361 NA 34.932025 51.16029 75.090105 70.139115 74.815055 52.26052 38.50775 45.65919 74.26494 45.10908
"61" 56.97638 84.437965 46.19706 NA 54.40987 55.69313 68.01234 53.89657 32.33794 47.22366 61.59608 69.80889 51.84337 60.56948 NA 46.19706 97.01383 165.796125 43.63056 51.07342 56.46308 41.57736 38.2409 64.67589 35.93105 25.66503 56.97638 48.250265 NA 95.98723 69.808895 72.3754 35.41775 NA 37.7276 NA 39.52415 54.40987 66.21579 55.436475 NA 34.6478 48.25027 82.12811 62.62268 46.19706 62.62268 47.736965 45.68376 78.02171 45.68376
"62" 61.595225 88.60386 48.18806 NA 57.51478 52.268505 73.836545 52.46281 34.97521 38.08411 57.9034 62.56676 48.18806 57.9034 NA 50.51974 95.98751 145.924335 40.41579 50.90836 58.68062 43.13609 45.07916 61.983835 37.306885 25.25987 56.73756 43.719005 NA 87.82663 64.31552 75.391 37.30689 NA 39.055645 NA 40.41579 53.62865 59.45785 57.320475 NA 27.78586 49.74252 86.66079 64.31552 57.12617 61.78953 45.856385 46.245 72.67071 52.0742
"63" 68.944095 81.39234 48.8354 NA 53.62319 45.96273 73.73188 55.5383 33.51449 48.8354 65.11387 76.60455 50.75051 61.28364 NA 43.09006 96.713245 168.051235 39.25983 44.04762 56.49586 45.48395 36.38716 67.98654 36.38716 25.85404 57.45341 51.229295 NA 90.01035 59.847305 81.39234 32.55693 NA 42.1325 NA 40.21739 54.58074 65.11387 54.101965 NA 36.38716 53.62319 82.82867 69.901655 51.70807 54.580745 36.38716 46.92029 77.56211 43.09006
"64" 70.521965 79.75259 56.12219 NA 53.16839 50.583815 67.93739 54.64529 36.9225 40.61475 67.19894 80.49104 47.99924 64.24514 NA 50.21459 80.49104 135.87478 40.61475 42.460865 58.33754 59.445215 45.414665 61.29134 38.3994 30.27645 53.90684 44.30699 NA 90.82934 62.399015 80.49104 50.95304 NA 41.722415 NA 42.83009 55.38374 70.89119 77.168015 NA 35.4456 49.47614 72.36809 61.660565 72.36809 49.106915 38.030175 38.3994 71.62964 39.13785
"65" 64.364215 80.89491 52.05412 NA 53.10927 50.29553 73.15714 49.24038 37.98544 41.50261 65.41936 68.93654 47.83351 59.79189 NA 47.83351 85.81895 142.797105 42.20604 43.964625 56.27472 45.01978 39.744025 64.364215 37.282 29.54423 55.57129 48.18523 NA 93.55673 62.957345 91.44642 33.76483 NA 39.39231 NA 40.79917 54.16442 74.56401 54.16442 NA 33.76483 42.90948 79.48805 68.58482 66.1228 49.94382 41.15089 44.31634 78.78461 43.61291
"66" 56.04872 82.40497 51.37799 NA 66.391045 49.543065 65.05655 53.37973 33.02871 44.70553 63.72206 76.06612 51.71162 54.71423 NA 61.72032 90.078305 128.77861 44.03828 54.547415 61.38669 55.04785 44.87234 59.05133 38.03306 30.35972 55.04785 58.884515 NA 91.07917 71.39539 77.06699 38.03306 NA 43.371035 NA 40.36842 54.04698 71.39539 63.05481 NA 38.19987 54.04698 85.40758 72.396265 54.88104 66.89148 50.87756 50.37712 69.72728 55.7151
"67" 68.061245 73.21183 57.39219 NA 55.92059 53.345305 59.23168 57.39219 33.84667 45.61943 68.42915 88.29567 48.56262 61.80697 NA 59.59958 84.24879 100.43633 40.46885 53.3453 69.16494 75.787115 47.458925 55.552695 45.25153 31.63928 48.56262 55.920595 NA 108.1622 68.42915 83.14509 49.29842 NA 44.88363 NA 42.67624 53.7132 78.73031 85.352485 NA 33.11088 55.92059 78.36241 80.2019 82.409295 65.11806 46.35523 52.24161 61.80697 50.77001
"68" 70.06163 74.1829 55.16164 NA 66.574395 51.67441 59.59994 60.86802 37.40847 48.82122 70.37865 81.7914 47.55314 62.1361 NA 60.23398 82.10842 90.66799 41.21272 55.16164 70.37865 72.597795 48.5042 53.25952 45.968035 28.53188 49.45527 57.69781 NA 90.03395 66.574395 87.49778 55.79568 NA 51.35739 NA 43.11485 55.79568 78.62119 84.32757 NA 30.43401 52.62548 74.81694 84.01055 95.106285 67.20844 55.16164 47.55314 65.30631 45.01697
"69" 65.64396 77.326355 56.74308 NA 60.08091 52.29264 60.08091 57.85569 45.61699 46.7296 66.75657 89.00876 55.63047 64.53135 NA 58.9683 83.44571 103.47268 45.61699 52.29264 67.86918 76.77005 53.40525 57.85569 42.835465 35.6035 51.18004 53.961555 NA 95.68441 67.312875 78.99527 55.63047 NA 54.51786 NA 46.7296 58.9683 78.99527 87.89615 NA 40.05394 54.51786 81.22049 73.43222 113.486165 63.975045 50.06743 50.06743 70.0944 55.63047
"70" 63.74105 76.2961 58.91218 NA 57.94641 47.805785 56.49775 60.84373 34.76784 63.74105 63.74105 91.74848 55.04909 63.74105 NA 67.60414 85.47095 86.91961 44.42558 56.98063 80.1592 90.29982 50.703105 54.5662 52.634655 31.87052 48.28867 56.01486 NA 95.61157 65.67259 111.06395 63.74105 NA 54.5662 NA 46.35713 56.98063 90.7827 91.74848 NA 31.87052 57.94641 84.505175 81.12497 94.6458 59.395065 51.66888 56.98063 62.77527 60.84373
"71" 55.284875 76.22612 51.93428 NA 57.378995 56.96017 67.430795 50.25898 33.50598 45.23308 65.33667 74.55082 46.90838 56.96017 NA 55.28487 91.722635 125.228615 41.88248 56.12252 62.82372 46.07073 45.651905 61.98607 36.01893 28.48009 55.28487 51.93428 NA 100.51795 68.268445 77.06377 41.04483 NA 41.88248 NA 40.20718 54.44723 67.84962 67.430795 NA 31.83069 50.25898 79.57671 72.456695 59.47312 64.917845 50.25898 49.42133 70.36257 54.44723
"72" 59.64641 81.83196 50.19027 NA 58.555315 60.7375 67.64775 51.64506 36.36976 44.37111 67.64775 71.28473 47.28069 58.19162 NA 58.91901 94.19768 143.296855 45.0985 58.19162 64.73817 51.645055 49.82657 62.19229 39.27934 26.91362 56.73683 54.55464 NA 114.20105 69.46624 71.28473 47.28069 NA 38.915645 NA 38.55195 55.28204 85.10524 73.10322 NA 30.914295 50.91766 86.19633 76.0128 68.37515 64.010775 53.827245 47.28069 70.55733 51.64506
"73" 54.30927 82.795015 46.85506 NA 60.964825 54.043055 72.412365 56.43905 31.41419 45.79017 61.23104 69.75014 48.98483 56.43905 NA 56.43905 100.63189 154.94116 40.46573 53.51061 60.16616 50.04972 39.93329 63.094595 34.07641 26.62219 56.43905 50.582165 NA 86.78835 69.2177 74.0097 40.99818 NA 40.46573 NA 38.8684 53.77683 65.49059 70.54881 NA 33.543965 52.71194 80.931465 70.28259 65.490595 62.562155 50.049725 49.51728 74.54214 51.11461
"74" 58.622135 68.22108 47.30909 NA 61.36469 56.56522 61.36469 53.47984 30.85376 46.62345 61.02187 67.19262 47.99473 55.53676 NA 55.53676 86.39051 114.84453 43.8809 53.13702 65.82134 52.451385 42.1668 56.90804 43.19526 28.79684 51.42293 49.708825 NA 98.73202 67.87826 87.76179 39.08142 NA 41.13834 NA 39.76706 53.47984 78.84849 69.93518 NA 32.91067 52.7942 81.24822 73.70619 79.534125 60.67905 45.252175 51.42293 62.39315 50.05165
"75" 60.42547 76.17467 46.28334 NA 53.997235 49.818875 64.28242 53.35441 32.14121 41.78357 61.0683 72.63913 47.56899 53.35441 NA 52.06876 93.85233 135.314495 43.71205 55.92571 63.6396 53.032995 44.67628 57.85418 34.391095 28.28426 50.14029 51.425935 NA 97.70928 63.6396 83.56715 44.99769 NA 40.497925 NA 38.56945 52.06876 74.56761 68.460775 NA 30.53415 53.35441 86.78127 71.353485 71.032075 69.746425 48.85464 43.71205 67.49654 46.92617
"76" 58.90965 66.641545 49.33683 NA 59.64602 52.6505 69.587025 55.2278 26.50934 38.29127 60.38239 81.73714 49.33683 58.90965 NA 65.53698 89.10084 118.55567 41.97312 53.75505 67.00973 51.54594 47.12772 58.90965 37.186715 27.24571 50.80957 44.550425 NA 99.41003 68.850655 84.68262 36.81853 NA 41.60494 NA 40.50038 53.75505 73.63706 73.63706 NA 30.92757 53.75505 87.259915 71.42795 69.587025 69.21884 46.39135 53.75505 67.00973 41.23675
"77" 63.700235 85.260315 50.30685 NA 56.513545 49.32685 65.00691 51.61353 37.89347 39.20015 64.68024 69.90693 47.69351 58.80022 NA 50.30685 86.89366 129.033815 39.85348 49.00018 60.76023 52.266865 41.81349 64.0269 36.5868 28.09344 51.61353 53.9002 NA 97.34703 63.0469 81.66697 43.7735 NA 43.12016 NA 41.16015 54.22687 64.68024 65.00691 NA 37.893475 49.65352 79.70696 75.46028 56.186875 57.16688 44.42683 43.7735 69.90693 45.7335
"78" 72.615615 81.58051 51.99637 NA 55.13408 50.20339 55.58232 59.16828 42.13499 52.89286 69.92615 86.06295 55.58232 63.65073 NA 60.06477 86.95944 99.958535 44.82445 55.13408 69.92615 72.61562 47.51392 58.27179 47.065675 34.06659 50.20339 61.409505 NA 95.92433 61.85775 87.85593 55.58232 NA 50.20339 NA 45.72094 57.3753 84.26998 85.166465 NA 38.54903 56.47881 86.06295 74.4086 80.68402 64.098975 69.477905 51.09988 69.92615 56.47881
"79" 60.87229 71.78961 47.63919 NA 55.90988 52.93243 66.827195 48.9625 37.71436 45.65422 64.18057 70.79713 51.60912 58.22567 NA 56.24071 88.66182 122.406245 40.36098 47.63919 62.85726 54.917395 40.360975 60.21064 38.70684 29.11284 51.60912 49.62415 NA 101.23327 63.849745 82.70692 44.99257 NA 47.970015 NA 41.02263 53.59409 73.44375 63.849745 NA 34.07525 50.28581 81.71444 72.451265 59.218155 59.54898 46.977535 46.97753 70.13547 50.28581
"80" 64.878165 82.157275 45.64293 NA 60.965915 46.947015 71.724605 55.42356 33.90618 46.94701 56.72764 75.63686 43.68681 54.77152 NA 50.20722 104.97874 161.70638 39.77455 50.85927 58.68377 37.166385 36.18832 66.50827 33.58016 26.08167 57.37968 55.097535 NA 75.63686 71.72461 67.81235 33.25414 NA 38.47047 NA 37.16639 52.16335 69.76848 58.357745 NA 32.60209 51.51131 80.52717 74.332775 44.338845 62.27 45.64293 46.29497 78.24502 45.64293
"81" 55.97425 68.96827 43.97977 NA 63.97057 47.97793 69.30145 57.97333 35.98345 39.31525 62.63785 74.63234 47.97793 53.97517 NA 52.64245 98.95448 140.93517 41.31433 60.63877 70.63417 52.97563 41.98069 60.63877 38.31571 27.32077 53.30881 53.64199 NA 97.95494 66.30283 84.62774 43.97977 NA 41.98069 NA 37.98253 52.64245 79.29686 76.63142 NA 32.98483 50.64337 84.96092 72.30007 74.96552 69.30145 59.97241 55.97425 73.29961 51.97609
"82" 64.4371 70.47808 58.39612 NA 61.41661 55.375635 70.47808 58.39612 40.27319 49.33466 74.5054 91.62151 56.38246 61.41661 NA 67.45759 86.58736 99.172725 43.29368 57.38929 73.49857 79.036135 46.31417 57.38929 47.321 32.21855 47.321 47.824415 NA 106.72395 69.47125 87.59419 56.38246 NA 55.87905 NA 44.30051 56.38246 89.60785 84.5737 NA 36.24587 56.38246 82.56004 81.55321 71.48491 63.933685 58.39612 46.31417 70.47808 55.37564
"83" 65.52711 84.122645 47.81708 NA 60.214105 44.570245 70.544955 49.58808 33.05872 41.91374 61.98511 70.24979 48.40742 55.49143 NA 55.49143 106.850515 161.45644 43.68474 55.19626 60.80444 40.14274 38.37173 68.77395 32.763555 26.56505 54.90109 59.918935 NA 93.86316 80.580635 67.88845 36.60073 NA 34.82973 NA 38.96207 53.72043 67.88845 54.60593 NA 34.23939 54.31076 90.61632 76.74346 55.19626 66.412615 56.672095 51.35909 75.5628 47.22675
"84" 60.499165 75.62396 45.72611 NA 60.850905 47.48481 66.478735 52.7609 30.24958 38.69133 61.20264 79.49309 49.24351 55.57482 NA 56.98177 93.9144 137.88182 40.80176 54.16786 63.31308 52.05742 38.69133 59.79569 37.63611 26.73219 51.35394 51.705685 NA 85.12092 62.6096 82.307 42.20872 NA 40.80176 NA 39.39481 52.05742 75.9757 69.64439 NA 33.41524 53.46438 80.54831 73.51352 70.347865 65.07178 49.946985 48.54003 71.75482 48.54003
"85" 57.77028 79.58778 50.39535 NA 60.228585 49.78077 65.759785 52.85366 33.80176 41.79127 66.37436 82.96795 48.55162 58.38486 NA 53.46824 95.56679 125.681085 44.24957 49.16619 62.6869 53.46824 45.47873 61.45774 35.95278 29.49972 54.69739 51.6245 NA 106.93647 74.36387 82.35338 38.71838 NA 41.48398 NA 39.33296 54.69739 72.52014 62.07232 NA 36.26007 50.39535 88.19186 77.436755 57.46299 64.53063 42.405845 51.6245 70.6764 46.09331
"86" 58.588525 80.78115 48.82377 NA 59.03238 55.48156 52.818445 58.58853 40.83443 46.16066 60.36394 89.6582 51.48689 58.58853 NA 58.58853 88.7705 124.278695 45.27295 53.70615 71.0164 63.470905 47.93607 57.25697 42.165985 32.84508 52.37459 55.48156 NA 105.63689 67.46558 90.54591 51.48689 NA 45.27295 NA 39.94672 54.15 86.10738 73.679515 NA 39.05902 57.70082 78.56189 76.78648 79.449595 64.35861 58.144675 53.2623 67.46558 53.2623
"87" 58.01049 74.58492 58.01049 NA 58.01049 45.57967 66.2977 66.2977 41.43606 49.72328 74.58492 91.15934 58.01049 66.2977 NA 66.2977 82.87213 91.15934 41.43606 66.2977 66.2977 74.58492 53.866885 58.01049 49.72328 33.14885 49.72328 49.72328 NA 107.73377 74.58492 82.87213 49.72328 NA 49.72328 NA 41.43606 58.01049 91.15934 91.15934 NA 33.14885 58.01049 91.15934 82.87213 78.728525 74.58492 62.154095 49.72328 66.2977 58.01049
"88" 60.05298 75.94936 52.10479 NA 59.611415 43.27347 68.00117 53.87106 37.97468 48.57226 67.11804 75.94936 50.33853 57.40358 NA 53.87106 85.222245 123.196925 39.74094 50.33853 64.46864 83.014415 48.130695 60.93611 37.09155 29.14336 52.98792 53.871055 NA 86.54694 65.351775 83.89755 53.87106 NA 48.572265 NA 41.50721 52.98792 75.06623 73.29996 NA 34.44215 52.98792 82.572845 67.11804 91.404165 60.936115 46.806 44.1566 68.8843 45.03974
"89" 65.72602 83.82449 49.53265 NA 61.915815 50.4852 65.72602 57.15306 41.91224 40.00714 64.77347 91.4449 53.34286 62.86837 NA 60.96326 87.63469 131.45204 40.00714 49.53265 62.86837 59.05816 42.864795 64.77347 41.91224 32.38673 51.43775 52.390305 NA 85.72959 58.10561 72.39388 49.53265 NA 49.53265 NA 45.72245 55.24796 76.20408 72.39388 NA 43.81735 55.24796 81.91939 73.34643 68.583675 59.05816 65.72602 53.34286 74.29898 53.34286
"90" 55.92223 81.45194 47.41232 NA 58.657555 53.186895 63.520355 56.53008 31.00036 44.98092 57.13793 68.07923 47.41232 54.09868 NA 60.17718 98.47175 138.285935 41.33382 61.696805 63.21643 51.363345 49.539795 61.39288 37.990645 27.96111 50.45157 61.088955 NA 94.82464 68.68708 72.94203 44.37307 NA 46.80447 NA 38.29457 52.27512 71.72633 72.030255 NA 32.82392 56.53008 80.84409 77.500915 71.11848 67.47138 58.049705 52.88297 68.68708 56.53008
"91" 65.732325 70.45157 53.93422 NA 60.338905 50.56333 57.97928 61.35017 30.338 43.14737 64.04688 88.99146 49.88915 63.3727 NA 60.67599 85.28348 105.8459 44.49573 55.95675 70.11448 79.21588 50.90042 54.94548 41.12484 31.68635 52.58586 50.22624 NA 109.89097 68.429035 101.80083 51.91168 NA 49.88915 NA 43.14737 56.63093 83.59804 89.328545 NA 34.38306 55.28257 84.27221 80.901325 84.6093 62.02435 54.60839 46.51826 69.4403 51.91168
"92" 58.81352 77.84142 48.43466 NA 56.218805 48.43466 62.27314 53.62409 38.05581 39.78562 64.00295 77.84142 46.70485 57.08371 NA 53.62409 94.274615 126.27609 39.78562 50.16447 67.46257 57.08371 40.650525 60.54333 38.05581 31.13657 51.89428 47.569755 NA 103.78856 65.73276 77.84142 43.24524 NA 40.650525 NA 39.78562 51.89428 76.11161 73.5169 NA 39.78562 51.89428 86.49047 76.11161 58.81352 58.81352 51.029375 55.3539 69.19238 53.62409
"93" 59.995485 71.60751 61.93082 NA 59.99548 51.770295 59.51165 61.93082 33.86842 52.25413 63.86616 80.31654 53.2218 65.8015 NA 62.89849 81.768035 96.76691 45.48045 55.15714 65.8015 59.027815 53.705635 58.543985 48.38345 28.0624 51.28646 41.125935 NA 103.54059 71.60751 92.89623 42.57744 NA 48.38345 NA 45.48045 58.06015 83.21954 81.284205 NA 29.03007 52.25413 86.12255 70.63984 74.510525 62.414655 45.964285 42.57744 62.89849 45.48045
"94" 55.760355 73.603665 50.34363 NA 55.44172 48.11322 59.265295 57.99077 29.31401 42.6965 67.54969 75.19682 52.25542 57.99077 NA 55.44172 88.57931 114.38838 43.97102 58.62803 61.81434 63.08886 43.33376 55.44172 39.828825 28.03949 50.9809 50.662265 NA 108.97166 68.50558 94.95192 42.05924 NA 38.87293 NA 40.78472 54.1672 78.38313 75.51545 NA 33.45621 49.70637 85.07437 76.78997 84.437105 60.858445 52.89268 47.79459 67.54969 42.05924
"95" 63.60619 71.11525 66.25645 NA 64.48961 49.02977 54.33029 64.48961 33.56993 50.3549 63.60619 79.50774 53.00516 63.60619 NA 65.37303 78.62432 89.22535 43.28755 60.07251 68.02329 90.55048 50.3549 54.772 46.82122 30.91968 46.82122 48.14635 NA 106.89373 64.93132 99.82638 50.3549 NA 45.49609 NA 45.05438 55.65542 89.22535 96.73441 NA 30.91968 55.65542 81.274575 73.76551 94.08415 62.72277 63.16448 47.70464 62.72277 49.47148
"96" 50.73953 69.2526 45.25417 NA 56.567715 47.654015 62.73874 54.85354 37.02614 35.6548 58.96756 65.82425 42.5115 51.4252 NA 54.16787 97.022205 138.162365 39.76882 52.11087 59.65323 45.25417 40.45449 58.96756 33.5978 28.79811 51.4252 51.08236 NA 95.30803 65.13858 67.88126 37.71181 NA 40.111655 NA 36.34047 50.73953 70.62394 71.30961 NA 37.02614 50.73953 84.680155 66.852755 56.567715 55.882045 46.968345 53.4822 73.36661 41.82583
"97" 53.88612 74.745265 53.3067 NA 51.56844 50.11989 61.41859 53.88612 37.08292 46.35365 61.99801 71.84816 50.4096 57.36265 NA 55.04496 99.95006 143.69632 41.71829 53.3067 68.37164 57.65236 40.84916 61.41859 34.76524 30.12987 52.14786 47.51249 NA 88.65136 64.89511 78.80121 42.29771 NA 43.16684 NA 40.55945 53.3067 79.38063 79.09092 NA 38.82118 55.04496 88.07194 73.007 66.633375 56.2038 51.56844 50.4096 73.007 52.14786
"98" 62.386695 73.30436 53.02869 NA 57.1878 49.90935 61.8668 54.06847 32.23312 51.98891 64.46625 75.90381 51.98891 58.22758 NA 58.22758 85.7817 118.53471 42.63091 45.75024 63.42647 58.747465 48.34969 59.26736 38.47179 28.07401 50.94913 50.94913 NA 111.25627 61.34691 85.26181 42.63091 NA 45.23035 NA 42.63091 55.10824 79.02314 65.50603 NA 31.19335 53.02869 84.22203 71.22481 61.34691 58.74747 54.06847 45.75024 66.5458 44.71046
"99" 63.90786 73.86072 48.71664 NA 48.97856 52.38349 76.217975 51.85965 29.33475 47.14514 62.86019 74.38455 48.71664 63.38402 NA 45.57363 83.02783 146.673765 39.28762 39.28762 56.57417 54.47883 37.97803 66.00319 33.263515 28.28708 53.43116 43.4783 NA 92.19494 54.47883 83.28975 41.90679 NA 35.096935 NA 42.43063 53.95499 75.43222 58.931425 NA 32.215845 51.85965 75.432225 61.28868 63.384025 48.454725 38.763785 40.85912 78.0514 44.00213
"100" 63.718715 78.00715 49.43027 NA 52.905845 47.88558 73.373065 56.38141 31.66627 44.79619 64.87724 78.00715 53.29202 62.56019 NA 48.65793 90.36472 144.81526 41.70679 43.637665 58.69845 43.637665 36.30036 64.491065 36.30036 28.57688 53.29202 49.43027 NA 89.59237 64.10489 90.36472 38.6174 NA 39.775925 NA 42.47914 54.83671 77.2348 60.629325 NA 36.30036 50.20262 84.95829 59.856975 71.05602 54.06436 37.45888 49.43027 75.69011 40.1621
"101" 57.40675 76.790845 50.69687 NA 52.560725 53.306265 57.77952 56.66121 36.53157 43.24145 67.84434 89.46506 51.44241 59.64337 NA 55.91566 87.97398 114.06795 43.98699 51.06964 64.86217 57.77952 48.08747 58.15229 40.63205 32.05831 51.44241 44.73253 NA 105.86699 61.880005 82.00964 45.47807 NA 44.35976 NA 41.00482 55.17012 80.51856 67.47157 NA 38.02265 51.44241 84.246265 79.02747 74.92699 60.388915 46.96916 52.9335 70.08097 49.95133
"102" 57.015455 82.592485 53.28547 NA 51.686915 43.161235 69.803975 58.61402 34.1027 40.49696 60.74544 65.00828 49.02264 60.74544 NA 53.28547 97.512415 158.25786 41.56267 47.95693 56.4826 37.29983 39.964105 67.1397 34.635555 27.70845 54.35118 49.555495 NA 96.97956 70.33683 68.20541 39.43125 NA 39.964105 NA 41.56267 54.35118 63.94257 53.28547 NA 35.701265 52.21977 82.05963 71.935395 54.88404 63.94257 44.226945 46.89122 72.46825 50.08835
"103" 64.27742 68.588715 51.73549 NA 54.87097 47.424195 59.18226 53.30323 28.21936 44.68065 59.5742 79.17097 47.81613 56.43871 NA 43.11291 89.36129 131.298395 41.54516 47.81613 57.22258 50.16774 40.76129 61.14194 34.88226 28.21936 53.30323 45.856455 NA 99.55162 65.06129 81.52258 36.05807 NA 41.153225 NA 40.76129 53.30323 75.25162 58.00645 NA 33.70645 48.6 81.91452 69.76452 53.30323 56.43871 43.11291 46.24839 72.9 48.6
"104" 73.35041 83.33528 50.69243 NA 58.757135 51.84453 71.046205 51.4605 34.56302 42.24369 58.3731 79.11091 50.69243 61.44537 NA 53.7647 86.407545 145.932745 43.77982 49.15629 59.90923 45.31596 41.475625 62.9815 36.09915 28.41848 56.0689 49.540325 NA 107.52939 69.89411 79.11091 39.93949 NA 40.70756 NA 41.47562 55.30083 70.66217 61.06133 NA 33.79495 47.62016 85.63948 74.886545 56.45293 59.5252 47.62016 41.47562 78.34284 40.70756
"105" 63.05547 82.776525 52.93546 NA 65.650345 51.119045 65.39086 56.04931 49.82161 40.99903 66.42881 87.18781 48.26468 63.31496 NA 54.49238 82.25755 119.10478 40.99903 55.78982 64.87188 64.871885 48.78366 62.27701 45.929295 28.54363 55.01136 55.01136 NA 92.37756 67.46676 86.66884 50.34058 NA 44.11288 NA 42.55596 55.01136 77.84626 80.441135 NA 34.252355 51.37853 78.88421 75.77036 62.27701 66.947785 50.34058 51.37853 70.58061 49.82161
"106" 58.42074 81.58758 49.0197 NA 57.74924 50.69846 66.47877 57.07773 35.58965 38.94716 62.44976 73.1938 53.04872 63.12126 NA 53.04872 86.959605 114.155465 42.97618 50.36271 61.77825 55.73473 49.35545 63.79276 45.326435 28.20312 55.73473 45.99794 NA 99.38241 61.4425 87.96686 49.0197 NA 47.34094 NA 43.64768 55.73473 72.5223 64.800015 NA 31.56063 52.37721 75.208305 70.17204 75.54406 57.07773 48.012445 42.30467 69.83629 50.36271
"107" 72.92976 86.459715 51.47983 NA 51.47983 47.189845 77.54974 52.13983 31.6799 40.25987 66.65978 69.95977 48.17984 61.3798 NA 46.85985 96.35968 171.26943 40.25987 46.85985 55.43982 38.93987 39.59987 66.32978 36.29988 25.73991 54.11982 45.20985 NA 83.15973 64.34979 69.29977 33.65989 NA 39.59987 NA 40.25987 54.11982 62.03979 51.14983 NA 30.6899 48.83984 82.82973 60.3898 57.41981 58.73981 40.589865 42.89986 77.21974 44.21985
"108" 65.885205 82.90555 52.70816 NA 58.198595 54.355295 70.27755 49.96295 34.04069 43.92347 60.94381 67.53233 45.5706 58.74764 NA 49.4139 93.611895 154.281185 41.7273 47.21773 58.1986 49.13938 39.53112 65.33616 36.511385 27.45217 54.90434 52.43364 NA 87.2979 59.296685 68.63042 38.43304 NA 44.47251 NA 42.27634 54.35529 71.92468 66.98329 NA 33.49165 55.45338 80.160335 73.57181 52.982685 53.80625 48.315815 45.5706 71.92468 48.31582
"109" 62.426095 78.33083 48.50945 NA 59.642765 48.90707 61.630855 58.84753 35.78566 40.55708 64.41419 78.72845 54.07611 60.438 NA 59.64277 87.07844 108.549835 42.94279 55.26896 62.02848 57.257055 46.52136 57.654675 41.749935 31.01424 50.89516 49.702305 NA 94.63319 75.94512 82.70464 46.12374 NA 46.521355 NA 42.14755 55.66658 78.72845 67.992755 NA 33.79757 55.66658 84.69273 76.740355 67.19752 60.438 48.90707 48.50945 65.20942 46.91898
"110" 68.61877 78.328975 50.49306 NA 58.26122 47.256325 58.26122 59.55591 37.54612 44.01959 68.61877 82.8604 45.31428 60.85061 NA 55.67183 88.03918 118.46448 38.84081 47.90367 63.43999 71.855505 38.193465 59.55591 37.54612 31.07265 51.78775 54.377135 NA 94.51264 60.20326 82.8604 49.19836 NA 46.60898 NA 41.4302 51.78775 76.38693 62.1453 NA 42.72489 54.37714 82.213055 71.208155 81.56571 56.31918 46.608975 55.67183 72.50285 46.60898
"111" 62.17068 78.133425 44.52765 NA 60.910465 49.56852 70.9922 56.28967 41.16707 46.20794 61.33054 80.65386 43.68751 56.28967 NA 57.12982 90.31552 126.8618 40.32693 53.76924 63.01083 56.709745 46.20794 58.8101 39.48678 29.40505 52.08895 54.60938 NA 85.69472 67.63162 80.65386 49.56852 NA 43.68751 NA 39.48678 52.08895 78.97357 78.133425 NA 34.025845 57.12982 78.97357 75.19292 69.311905 67.21155 46.20794 47.04808 72.25241 54.60938
"112" 57.04802 80.93688 49.20392 NA 59.18732 54.55217 71.66657 56.33492 32.08951 46.35152 60.61352 72.73622 50.63012 57.76112 NA 50.63012 99.12093 159.73445 41.35981 47.77772 58.47422 48.13427 42.42946 67.74452 34.22881 28.52401 54.19562 45.99497 NA 94.84233 73.80587 78.44103 39.22051 NA 39.57706 NA 39.22051 53.48252 67.03142 59.90042 NA 37.43776 51.34322 88.06788 70.24037 58.11767 61.32662 43.14256 46.35152 72.73622 46.35152
"113" 59.34162 81.985125 49.97189 NA 55.43756 51.53351 58.560805 57.77999 32.79405 42.16378 68.71134 76.51945 53.09513 57.77999 NA 54.65675 92.13567 110.09431 42.16378 51.53351 67.14972 71.83459 51.53351 59.34162 39.82135 28.10919 51.53351 55.43756 NA 98.38215 65.5881 98.38215 49.97189 NA 46.06783 NA 42.16378 54.65675 85.88918 79.64269 NA 34.35567 53.09513 87.4508 75.73864 67.930535 53.87594 49.191075 48.41026 68.71134 53.09513
"114" 58.086715 81.75167 49.78861 NA 54.398665 56.857365 62.69677 55.32068 34.42176 43.02719 66.99949 82.36634 51.63263 60.85275 NA 52.24731 92.50847 135.535665 39.95382 51.63263 63.92612 54.398665 41.49051 61.160085 38.72448 28.27501 54.09133 50.09595 NA 92.20113 69.765525 82.36634 44.87122 NA 44.25654 NA 42.41252 54.706 76.83428 68.228835 NA 33.80708 51.63263 88.820425 69.765525 64.54079 61.160085 51.325295 50.40329 73.14623 48.55926
"115" 65.29832 68.17913 61.45724 NA 57.296075 56.01572 57.936255 56.33581 35.20988 55.05545 67.21886 82.58317 55.69563 62.7376 NA 71.05994 85.46398 89.625145 42.89203 57.61616 72.3403 72.3403 49.29383 58.57643 44.81257 31.3688 51.85455 57.616165 NA 104.98946 74.90101 99.22784 64.65814 NA 53.13491 NA 44.81257 57.61616 83.86353 94.74658 NA 31.68889 58.89652 78.422 72.980475 92.82604 61.13715 61.13715 44.17239 64.01796 54.41527
"116" 53.94043 67.790005 50.29581 NA 61.229685 53.940435 65.96769 51.75366 34.25946 44.46441 64.14538 80.91065 49.56688 57.58506 NA 59.04291 92.573445 115.89904 42.27764 51.389195 61.95861 57.220595 41.913175 58.31398 40.090865 29.88592 54.66936 43.00656 NA 100.59162 60.500755 81.63958 41.54871 NA 46.286725 NA 41.54871 54.66936 79.4528 66.696615 NA 33.895 48.83796 81.63958 72.892475 85.2842 61.958605 52.482585 51.75366 68.51893 48.83796
"117" 67.462045 72.146915 51.53351 NA 58.09232 54.812915 66.525075 53.40745 42.16378 46.84864 64.65113 81.51664 45.91167 60.90324 NA 54.34443 91.354855 120.8695 41.22681 51.53351 64.65113 62.308695 46.84864 61.84021 41.22681 29.04616 51.53351 46.848645 NA 107.75188 63.24567 82.45361 46.84864 NA 44.03772 NA 39.35286 54.34443 81.51664 66.525075 NA 33.73102 50.59654 86.2015 78.237235 89.949395 65.5881 54.344425 46.84864 71.20994 49.65956
"118" 67.14471 80.681955 50.90003 NA 57.3979 53.60747 77.97451 50.90003 34.65534 49.81705 59.56386 76.89153 48.73407 60.64684 NA 53.06598 89.34579 139.162835 42.23619 47.1096 59.56386 51.983005 40.07023 65.520245 37.36278 24.90852 51.983 50.358535 NA 97.46813 67.6862 83.3894 45.48513 NA 41.15321 NA 43.31917 54.14896 69.31067 63.89578 NA 29.24044 50.90003 84.47238 70.39365 69.310675 65.520245 49.817045 44.40215 71.47663 50.90003
"119" 65.19636 70.142295 48.56005 NA 58.90154 47.66079 71.041555 53.05635 31.47411 44.06375 65.64599 76.43712 50.35857 60.25043 NA 53.05635 88.1275 120.9505 41.36597 50.8082 63.84747 62.49858 41.36597 58.90154 37.3193 27.87707 51.25783 52.15709 NA 101.6164 65.64599 84.53046 45.86227 NA 41.8156 NA 42.26523 53.95561 78.23564 75.53786 NA 31.47411 53.05635 87.67787 83.18157 65.19636 66.09562 49.00968 44.96301 71.04156 48.56005
"120" 57.69938 74.04341 49.52737 NA 55.223015 43.584085 61.66157 53.48956 34.66916 41.10771 63.8903 66.36667 46.06045 55.96592 NA 53.48956 96.330725 129.51406 40.61244 56.95647 61.90921 47.54627 41.35535 61.90921 33.92625 28.2306 54.97538 52.994285 NA 91.13035 70.081225 79.73906 41.60299 NA 37.640795 NA 37.14552 52.99428 76.76742 65.871395 NA 32.68806 52.99428 88.15871 78.253235 79.986695 65.128485 55.718285 48.04154 67.85249 56.4612
"121" 57.956295 68.8231 47.08949 NA 58.86187 46.18392 69.72867 52.5229 37.12825 39.84495 65.20084 76.06764 47.08949 57.05073 NA 57.9563 95.08455 143.532395 38.93939 49.80619 57.9563 46.18392 38.486605 63.3897 35.769905 26.26145 53.42846 42.561655 NA 83.31218 64.29527 75.16207 36.22269 NA 38.486605 NA 38.03382 52.5229 75.16207 61.125785 NA 31.242065 50.71176 86.93445 73.803725 47.542275 60.673 47.08949 44.37279 68.8231 44.37279
"122" 61.198995 68.516265 54.54693 NA 54.214325 43.23842 65.855435 57.20775 26.60826 49.22528 66.52064 74.50312 47.22966 56.54255 NA 55.21214 91.13328 125.391415 41.90801 49.89048 67.85106 57.540355 39.912385 60.53379 39.24718 29.26908 52.55131 52.55131 NA 105.10262 71.17709 94.45932 41.2428 NA 43.23842 NA 40.57759 53.21652 77.82915 79.49217 NA 33.260325 52.55131 85.47903 71.17709 72.1749 56.542545 41.2428 45.23404 69.84668 46.56445
"123" 67.183895 74.98949 54.63918 NA 62.44478 46.554815 65.511265 59.09952 34.56765 53.5241 69.69283 76.94089 49.06376 60.77215 NA 60.77215 85.86157 106.21188 41.8157 61.88724 70.80792 71.644235 47.39113 56.31181 43.20956 30.1073 48.50621 59.65707 NA 97.01243 66.34758 84.18894 54.08164 NA 50.17884 NA 41.8157 54.08164 86.97666 94.224715 NA 33.73133 53.5241 83.35263 76.66212 90.600685 63.83864 64.39618 61.32969 66.90512 56.86935
"124" 73.24516 77.864225 50.14984 NA 61.367565 53.44917 63.347165 51.46957 35.63278 39.59198 71.26556 79.18396 51.46957 58.06824 NA 58.06824 89.74182 125.3746 42.23144 54.768905 68.6261 74.564895 41.571575 59.38797 38.932115 27.71439 50.14984 52.7893 NA 92.38128 64.6669 85.78262 56.7485 NA 44.87091 NA 40.91171 52.7893 85.78262 87.76222 NA 32.99332 54.10904 79.18396 74.564895 82.48329 58.728105 55.42877 50.14984 69.94583 56.7485
"125" 59.759165 69.6406 55.52426 NA 65.87624 51.759905 57.40644 60.22971 33.87921 50.81882 67.75842 74.34605 50.81882 58.34753 NA 64.93515 86.5802 111.519065 43.2901 59.28862 68.69951 57.40644 43.2901 58.34753 44.23119 27.29159 51.75991 49.407185 NA 102.57872 74.34605 79.05149 47.05446 NA 44.23119 NA 41.40792 54.58317 80.93367 74.34605 NA 28.70322 53.64208 79.05149 77.639855 67.75842 67.287875 61.170795 50.81882 63.05298 47.99555
"126" 57.16085 72.08461 47.30553 NA 55.75294 49.55817 68.424065 54.62662 34.35282 45.61604 62.51088 70.39513 43.3634 56.3161 NA 53.5003 94.32947 134.31391 42.80024 51.529235 58.56875 47.30553 40.829175 61.38455 35.197565 29.84754 52.93714 51.810815 NA 95.17422 68.98723 73.21094 35.47915 NA 39.70285 NA 39.98443 52.37398 63.6372 54.34504 NA 37.73179 50.68449 82.22151 62.229295 68.98723 57.72401 41.67392 55.75294 73.21094 46.17921
"127" 56.92086 77.12653 51.25341 NA 58.892145 51.499825 66.530875 54.21034 28.58364 48.29649 59.63138 75.89448 45.83238 58.64573 NA 54.21034 88.21501 140.45407 41.88981 48.5429 63.08113 49.035715 37.45442 61.60266 33.75826 27.59799 57.16727 47.557255 NA 88.21501 65.05241 86.24373 39.4257 NA 38.44006 NA 38.44006 52.73188 77.86576 62.5883 NA 33.01903 50.76059 81.315515 65.052415 57.16727 58.15291 44.107505 50.76059 68.99498 42.38263
"128" 69.98146 76.979605 47.07844 NA 59.80234 52.168 67.43668 50.89561 30.53737 43.26127 61.07473 71.25385 47.07844 57.25756 NA 54.71278 95.42927 144.416295 40.71649 48.35083 58.52995 54.71278 38.807905 66.16429 33.08215 26.72019 54.71278 50.259415 NA 99.24644 69.345265 78.88819 39.4441 NA 38.807905 NA 39.4441 52.168 69.98146 60.438535 NA 33.08215 53.44039 82.069165 68.072875 84.613945 58.52995 45.169855 48.35083 75.07102 45.80605
"129" 64.046065 75.992485 45.7946 NA 55.74995 55.08626 63.382375 51.76781 34.51187 39.1577 57.74101 76.32433 48.44936 55.74995 NA 47.78567 100.21716 146.343605 41.81246 53.09519 59.73208 37.498475 43.80353 63.05053 33.18449 26.54759 56.41364 47.12198 NA 102.20823 68.028205 78.3154 34.51187 NA 39.82139 NA 37.83032 53.75888 73.66957 55.08626 NA 32.5208 52.4315 88.27075 67.69636 47.12198 73.337725 47.78567 50.44043 73.00588 47.12198
"130" 62.035065 85.23079 51.7858 NA 55.02241 48.009745 64.192805 55.02241 36.68161 43.15483 61.49563 74.44208 45.31257 59.33789 NA 47.47031 98.716675 163.98835 39.91822 47.47031 58.25902 44.2337 35.063295 70.1266 38.83935 29.12951 53.94354 51.24636 NA 89.54627 64.73224 70.1266 42.07596 NA 40.99709 NA 39.91822 53.94354 72.28434 60.956195 NA 39.91822 52.86467 79.83644 74.44208 61.49563 61.49563 40.99709 46.39144 78.75756 53.94354
"131" 61.5627 80.35839 49.57704 NA 57.204275 46.580625 64.55911 51.21145 40.31539 32.68816 61.0179 80.08599 52.30105 59.92829 NA 51.21145 88.80283 135.383455 41.9498 51.75625 63.19711 55.29747 43.03941 58.83868 38.136185 29.41934 56.11467 51.21145 NA 94.25086 68.10033 80.63079 43.03941 NA 42.76701 NA 39.77059 53.93546 81.17559 75.99997 NA 38.13618 51.75625 81.447995 71.913945 64.01431 58.56628 45.76342 45.76342 71.91395 48.48743
"132" 62.55415 66.41986 49.90275 NA 57.98559 48.49704 55.877025 58.33702 29.51994 40.76563 62.55415 70.28557 51.30846 54.82274 NA 59.74273 93.83123 113.51119 42.87419 54.82274 66.06843 48.49704 45.33419 59.03987 34.43993 30.22279 49.90275 52.714175 NA 102.61693 76.611265 86.45125 45.68562 NA 44.631335 NA 40.06277 54.11989 79.42269 65.717005 NA 37.95421 55.5256 89.26267 80.125545 67.122715 67.47414 53.76846 47.79418 67.47414 52.01132
"133" 55.10071 68.15088 55.10071 NA 52.200675 45.43392 68.15088 55.10071 32.86709 54.13403 60.90079 67.66754 46.4006 59.93411 NA 54.13403 86.03445 130.50169 40.60052 48.33396 63.80082 51.233995 38.66717 60.90079 39.63385 29.00037 48.33396 51.233995 NA 107.30139 61.38413 88.93448 39.63385 NA 43.01722 NA 42.53388 54.13403 78.30101 68.63422 NA 32.86709 52.20067 83.13441 65.25084 68.63422 58.48409 45.43392 48.33396 74.4343 50.26732
"134" 61.275585 76.49933 50.99955 NA 57.850235 52.52193 65.08152 54.0443 41.10412 39.58174 67.74567 60.1338 53.28312 57.85024 NA 54.80549 89.05892 118.74523 44.91005 52.141335 63.93974 41.10412 44.52946 57.85024 33.872835 27.40274 51.76074 54.424895 NA 111.13335 71.551615 74.59636 38.82056 NA 36.917585 NA 38.05937 54.80549 73.07399 64.32033 NA 32.73106 48.71599 79.163485 76.49933 57.85024 62.41736 50.99955 48.71599 65.46211 49.47718
"135" 55.60493 73.09358 48.4301 NA 48.4301 50.672235 69.05774 52.91437 31.38988 42.15213 59.19235 74.43886 43.94583 54.70808 NA 54.70808 90.58223 136.770195 42.15213 47.53325 61.88291 50.22381 43.94583 61.88291 34.52887 27.80247 52.91437 47.981675 NA 91.47908 67.26403 86.99481 42.15213 NA 38.56471 NA 39.46156 52.91437 73.54201 66.36718 NA 31.38988 53.81122 86.99481 63.22819 59.640775 61.43448 43.497405 45.73954 69.95459 45.73954
"136" 51.085035 73.651725 48.10921 NA 62.98835 55.05281 71.17187 53.06892 33.23007 39.6777 61.00446 69.43597 46.6213 56.04475 NA 56.04475 98.69828 133.41626 42.65353 55.54878 65.4682 45.13338 44.885395 62.49238 32.7341 28.27036 53.56489 53.564895 NA 99.19425 77.619495 73.40374 39.6777 NA 37.445825 NA 38.68576 54.06086 70.42792 60.50849 NA 37.445825 53.56489 82.331225 78.11547 51.828995 69.435975 56.04475 53.06892 68.44403 51.08504
"137" 61.70804 75.86126 52.64998 NA 58.31127 50.95159 72.46449 51.51772 35.09999 48.12095 65.10481 80.95642 49.25321 57.74514 NA 55.48062 93.41125 135.587855 43.02579 56.61288 68.50159 60.575785 44.15805 60.57578 40.47821 30.00483 56.04675 51.51772 NA 100.2048 67.086265 85.48545 49.81934 NA 46.139495 NA 39.62902 54.91449 84.91932 74.44594 NA 37.3645 52.08385 80.107225 75.012065 76.99352 62.8403 51.51772 47.55482 71.33223 48.12095
"138" 64.07268 74.46285 45.88989 NA 60.609295 50.65205 70.13361 49.35328 36.36558 38.09727 59.74345 70.99946 45.88989 57.14591 NA 51.08498 96.97487 155.85247 42.42651 46.322815 58.01175 40.69481 38.963115 65.80438 35.932655 28.57295 55.41421 48.92036 NA 84.85301 66.670225 82.25547 32.90219 NA 35.49973 NA 38.09727 54.54836 77.06039 51.5179 NA 38.09727 51.95082 83.98716 66.670225 47.62159 61.47514 39.39604 47.62159 72.73115 43.29235
"139" 63.783745 81.44565 52.56718 NA 56.501345 47.12631 78.51595 50.39083 42.35508 48.04707 61.94222 67.29938 48.54931 58.59399 NA 48.88413 95.508205 144.727155 40.51356 48.3819 58.59399 43.35955 43.77808 64.537095 33.8171 26.78582 57.2547 58.091755 NA 89.23028 62.10963 72.48914 35.49122 NA 40.764675 NA 40.68097 54.07388 66.62974 59.43105 NA 35.2401 51.89753 78.934475 67.048265 49.80489 66.79715 41.1832 46.37296 71.14985 45.36849
"140" 56.39711 70.03563 42.75859 NA 59.71459 51.23659 68.56119 56.0285 36.12364 44.97024 61.92624 65.61232 46.44468 53.81685 NA 49.39355 100.26153 155.1842 42.02138 53.07963 56.0285 38.33529 40.178335 65.61232 35.01781 26.53982 53.07963 56.76572 NA 86.2544 69.29841 61.18902 33.17477 NA 36.12364 NA 37.59807 52.34241 65.61232 53.07963 NA 30.59451 51.6052 82.19971 72.615885 43.49581 60.4518 40.54694 47.91911 70.77284 47.1819
"141" 67.84756 89.64597 45.2317 NA 52.86115 50.13635 78.2018 52.31619 39.23714 41.96194 59.94563 78.47428 46.86659 61.03555 NA 45.77667 91.00837 146.59432 38.14722 43.8693 53.95107 47.95651 37.60226 60.49059 37.0573 26.70305 53.40611 44.14178 NA 82.28901 61.03555 76.29444 37.0573 NA 38.69218 NA 40.87202 53.40611 66.48516 56.94835 NA 35.96738 50.68131 75.20452 62.67043 52.58867 56.40339 34.87746 41.96194 69.20996 44.14178
"142" 59.60919 75.199285 51.96698 NA 54.71818 45.547535 71.531025 52.57836 37.90533 43.40772 67.25139 76.42204 50.74423 59.3035 NA 55.63524 91.70644 129.91746 42.79634 53.80111 70.91965 61.443315 41.2679 61.749 39.73946 31.18019 52.57836 52.27267 NA 103.32259 61.749005 86.20406 51.35561 NA 45.547535 NA 40.96221 53.80111 87.42681 80.70167 NA 37.90533 50.74423 84.06424 76.72772 79.47892 61.443315 48.9101 51.35561 73.36515 50.74423
"143" 64.650545 73.32847 48.59638 NA 52.50145 49.89807 68.989505 52.06755 31.24053 45.993 65.08444 86.77925 47.72859 55.53872 NA 51.19976 92.8538 131.47057 41.65404 52.06755 65.08444 59.00989 40.352355 63.78275 38.18287 27.76936 53.80314 50.33197 NA 104.1351 61.61327 92.8538 49.46417 NA 43.823525 NA 39.05066 52.06755 88.51484 69.8573 NA 35.57949 52.93534 78.96912 63.34885 82.006395 60.31158 47.29469 50.33197 74.63016 47.72859
"144" 65.24322 79.0375 54.43149 NA 62.260675 52.567395 70.46268 53.68585 38.02748 47.72076 61.14222 87.23951 55.17712 64.8704 NA 49.95767 79.78314 129.740805 43.99257 45.48385 66.36168 65.24322 40.26439 57.78685 38.77311 29.82547 52.94021 46.6023 NA 96.93278 61.887855 81.27441 42.5013 NA 45.11103 NA 43.99257 55.17712 80.52878 77.54623 NA 35.79057 49.21203 77.54623 74.9365 75.30932 50.330485 41.75566 45.48385 74.56368 42.5013
"145" 55.260565 80.97588 53.61916 NA 60.731905 54.71343 62.37331 57.99624 41.58221 49.24209 70.03319 75.50453 50.33635 61.27904 NA 54.71343 84.25868 107.785455 43.77074 46.506415 63.46758 56.354835 47.05355 59.0905 39.39367 29.54525 51.43062 47.05355 NA 86.44722 68.93892 89.73002 40.48794 NA 45.412145 NA 44.86501 55.8077 76.5988 65.65612 NA 32.280925 52.52489 78.240205 66.20325 71.674595 55.260565 42.67647 51.43062 67.84465 42.67647
"146" 60.914125 77.050325 51.63582 NA 54.05625 44.37453 73.016275 53.24944 33.88601 41.9541 68.57882 75.84011 50.0222 59.70391 NA 55.66987 89.55587 130.299755 39.53367 46.79496 61.31753 64.141365 47.198365 63.334555 37.516645 31.46558 51.63582 46.79496 NA 85.52182 67.368605 83.10139 41.14729 NA 45.18134 NA 42.76091 54.86306 75.84011 72.61287 NA 36.30643 52.44263 80.68096 68.57882 79.067345 58.493695 43.56772 47.60177 74.22649 48.40858
"147" 60.13417 68.04656 54.5955 NA 60.52979 54.5955 65.67285 55.38674 31.64956 49.84806 64.09037 76.75019 49.84806 60.13417 NA 55.38674 83.87135 112.751575 44.30939 57.76046 68.8378 60.52979 43.51815 58.55169 41.14443 30.06709 51.43054 57.760455 NA 103.65232 64.48599 90.9925 41.14443 NA 45.89187 NA 43.51815 55.38674 79.91515 73.98086 NA 38.3751 52.22178 84.26697 75.563335 66.068465 62.50789 49.056825 46.68311 68.04656 43.51815
"148" 64.67291 72.28148 53.26004 NA 58.58604 52.49918 62.39033 53.26004 31.95602 44.89061 68.4772 79.89006 50.97747 60.86862 NA 56.30347 89.02035 129.345815 43.36889 57.44476 67.71634 54.40133 50.97747 60.86862 39.18417 27.39088 54.0209 58.58604 NA 109.56351 68.09677 95.86807 46.41232 NA 44.12975 NA 41.08632 54.0209 88.2595 67.33591 NA 31.19517 51.73833 84.07478 81.03135 68.857625 66.19462 57.06433 57.06433 71.52063 50.97747
"149" 67.862595 73.894825 48.25784 NA 61.830365 49.263215 66.85722 51.27396 32.1719 43.23098 64.34379 77.41362 50.26859 60.3223 NA 57.30619 92.4942 130.698325 42.22561 56.30082 71.38139 58.814245 49.26322 61.32768 38.20413 28.15041 54.29007 53.2847 NA 95.51031 69.873335 89.47808 52.27933 NA 47.25247 NA 40.21487 53.2847 83.44585 74.39751 NA 37.19875 51.27396 84.953915 72.386765 82.440485 66.85722 54.29007 52.27933 77.41362 50.26859
"150" 63.38599 77.50826 47.29317 NA 59.444895 52.54797 66.670235 55.17537 37.44043 45.32263 63.71441 80.79251 45.32263 59.77332 NA 51.89112 87.361 125.45828 40.72468 51.89112 60.43017 59.77332 38.09728 64.042835 39.739405 28.90138 54.51852 55.83222 NA 89.9884 59.444895 89.9884 44.66578 NA 41.709955 NA 40.72468 53.20482 68.96921 63.714415 NA 35.141455 51.89112 78.493535 73.895585 54.51852 60.758595 46.307895 50.57742 68.96921 47.29317
"151" 67.8898 79.55836 48.79579 NA 61.17154 49.856575 63.293095 55.86765 39.60238 48.79579 65.06106 74.25447 50.21016 62.9395 NA 55.86765 90.16614 127.293375 41.72394 50.21016 58.69639 44.906275 43.8455 64.35387 42.07753 31.11616 56.57483 56.57483 NA 80.61914 61.52513 82.74069 45.96705 NA 41.72394 NA 42.43112 55.86765 69.30417 55.16046 NA 39.955975 54.45328 81.679915 72.8401 46.674235 64.00028 47.02783 48.08861 72.13291 49.50298
"152" 61.67801 78.68114 49.34241 NA 56.67709 45.34167 64.345165 57.34388 40.67415 46.00846 60.01104 79.34793 48.67562 62.0114 NA 58.67746 85.015635 113.020785 40.67415 52.342955 60.67783 56.67709 47.008645 60.01104 44.00809 28.00515 52.67635 45.675065 NA 80.6815 64.345165 78.68114 46.67525 NA 43.674695 NA 42.67451 54.00993 72.01324 66.345535 NA 33.33946 53.34314 77.014165 75.680585 69.346085 65.678745 44.00809 42.67451 68.6793 51.34278
"153" 63.834565 72.58347 51.19727 NA 52.169365 46.336765 69.019105 53.14147 32.40333 41.47627 62.86247 69.34313 46.6608 55.08567 NA 54.4376 93.321605 134.1498 40.18013 51.19727 61.56633 50.873235 44.39257 58.97407 38.23593 25.92267 51.19727 52.169365 NA 92.67354 63.510535 77.11994 40.8282 NA 38.23593 NA 40.18013 52.4934 70.63927 69.9912 NA 34.0235 51.19727 79.06414 70.963305 58.650035 62.2144 40.504165 42.12433 72.58347 47.95693
"154" 60.341365 80.769425 45.88458 NA 50.28447 49.65591 71.655365 49.02736 41.48469 42.7418 62.22703 73.54103 42.11324 60.34136 NA 46.51313 84.85504 145.51068 39.59902 41.48469 55.94147 39.599015 40.85613 65.05553 36.45624 30.17068 56.57003 46.198855 NA 87.99782 60.34136 79.19804 38.97046 NA 40.54185 NA 41.48469 54.0558 66.62692 50.91302 NA 36.45624 45.88458 75.4267 64.74125 54.998635 49.65591 37.39907 41.48469 71.65537 44.62746
"155" 54.99611 79.316 48.63978 NA 62.734255 51.67976 63.839705 53.06157 34.82166 41.45435 61.35244 80.14509 51.4034 60.24699 NA 58.0361 91.19958 133.206655 43.11253 54.16702 61.35244 44.217975 47.81069 59.69427 41.17799 29.84714 57.48337 56.654285 NA 84.01416 66.326965 75.17056 42.00708 NA 43.38889 NA 40.3489 54.16702 70.74876 63.28698 NA 36.20347 50.85067 80.42145 70.74876 51.95612 59.14155 50.29795 47.53433 70.74876 55.8252
"156" 63.328935 84.16619 50.66315 NA 60.468915 61.694635 67.82324 58.01747 35.95449 47.39456 66.18895 77.62901 54.74888 62.92036 NA 53.93174 88.660505 118.89496 40.04023 46.57741 59.65177 50.663145 42.900245 62.10321 44.125965 33.50305 53.11459 51.480295 NA 85.80049 55.56603 77.62901 44.94311 NA 44.53454 NA 45.76026 54.74888 71.09183 56.38318 NA 39.22308 57.20033 84.574765 66.597525 58.017475 61.694635 42.900245 48.2117 74.36042 49.846
"157" 69.54278 78.657615 51.98829 NA 63.46623 53.676225 65.15416 53.33864 34.4338 51.31312 61.44071 72.91865 47.26209 60.09037 NA 50.63795 93.17382 136.38487 40.51036 52.66347 60.76554 40.172775 38.147255 64.81657 39.160015 30.38277 54.01381 47.262085 NA 84.39658 62.45347 70.21795 41.18553 NA 39.4976 NA 41.8607 55.36416 68.19244 58.74002 NA 39.83519 54.01381 83.72141 70.21795 49.2876 68.19244 47.26209 47.93726 73.59382 51.31312
"158" 59.67464 75.694675 52.86613 NA 59.67464 49.662115 59.67464 57.67214 34.44308 46.45811 66.48316 88.11021 53.66713 59.27414 NA 62.47815 82.5032 98.923735 44.0551 54.46813 69.68717 57.27164 51.66462 55.26913 45.65711 29.63707 48.06011 50.46312 NA 95.31923 71.28917 96.12023 50.46312 NA 42.8536 NA 44.0551 55.26913 86.50821 62.87865 NA 36.84609 56.07013 82.503195 78.498185 70.88867 61.67715 50.46312 52.06512 63.27915 51.26412
"159" 66.21097 75.51334 56.9086 NA 51.43662 48.70063 79.343725 56.9086 40.49266 44.87024 61.28619 77.70213 56.9086 64.56938 NA 56.9086 82.07972 116.553195 41.58706 42.68145 60.19179 60.73899 41.58706 60.19179 44.87024 30.64309 48.15343 47.606235 NA 97.40126 61.833385 95.21247 41.58706 NA 47.606235 NA 48.15343 56.9086 79.89092 67.305365 NA 32.28469 50.34223 80.43812 66.21097 64.569375 54.71981 38.851065 40.49266 68.94696 45.96464
"160" 56.149825 68.32844 48.71446 NA 50.124615 53.7141 62.94421 52.04756 31.5362 39.22796 63.07241 66.66189 46.15054 57.94457 NA 46.15054 88.7116 134.092965 40.76631 44.996775 58.71375 46.15054 46.79152 59.48292 37.68961 28.97228 56.66261 44.3558 NA 94.09583 67.43107 78.96871 42.81745 NA 41.022705 NA 38.71518 53.32952 73.58448 71.789735 NA 40.381725 50.5092 84.09654 66.66189 48.32987 50.381005 39.356155 42.81745 69.4822 46.15054
"161" 65.45284 73.434895 51.88335 NA 54.27796 53.080655 64.654635 53.47976 36.71745 41.50668 63.85643 68.64566 50.28694 55.07617 NA 54.27796 92.59182 129.70837 39.91027 50.68604 62.26002 54.27796 37.11655 61.46181 36.318345 27.13898 51.88335 51.883345 NA 101.37208 67.847455 82.21515 39.11206 NA 39.511165 NA 39.91027 53.47976 82.21515 81.416945 NA 30.730905 51.08514 87.80259 70.242075 65.053735 63.856425 44.300395 48.69053 69.44387 51.88335
"162" 63.86573 70.51841 54.55198 NA 59.87412 46.56876 58.543585 57.21305 33.2634 42.57715 63.86573 74.51002 50.56037 58.54358 NA 58.54358 87.81538 115.75663 42.57715 55.88251 63.86573 49.8951 39.25081 57.21305 40.58135 29.27179 49.22983 53.88671 NA 103.78181 66.5268 83.82377 39.91608 NA 41.911885 NA 41.24662 54.55198 79.83216 67.85734 NA 32.59813 51.8909 80.49743 75.840555 67.857335 66.5268 45.90349 55.88251 61.20466 55.88251
"163" 59.64306 76.07533 54.77424 NA 62.68607 54.165635 65.12048 54.77424 40.16777 49.90542 70.5979 75.46673 55.99144 64.51188 NA 49.90542 82.76996 111.98288 45.03659 46.2538 63.29467 54.774235 44.42799 60.86026 37.73336 32.86454 52.33983 43.819385 NA 101.02804 60.86026 92.5076 42.60218 NA 42.60218 NA 45.03659 55.99144 76.68393 64.51188 NA 38.95057 48.68821 79.11834 72.42371 55.38284 61.468865 40.16777 42.60218 69.3807 41.38498
"164" 54.68944 78.46746 48.15049 NA 58.85059 45.47546 65.092325 51.12274 36.26148 43.98933 57.06724 71.9285 48.74494 55.28389 NA 53.50054 97.192645 134.94025 42.80043 59.147815 64.20065 49.042165 41.01708 63.308975 37.153155 27.93917 57.06724 56.47279 NA 107.00108 66.875675 85.00641 40.42263 NA 39.82818 NA 37.45038 52.90609 81.43971 61.82285 NA 35.66703 49.33939 83.520285 75.197985 71.33405 67.1729 45.77268 46.36713 74.30631 49.33939
"165" 57.696755 77.415895 56.96641 NA 57.69675 61.34845 68.65183 56.96641 30.67422 52.58438 61.34845 83.2586 52.58438 59.88777 NA 59.88777 84.71928 98.595715 45.281 55.50574 68.65183 62.80912 53.31472 56.96641 43.82032 30.67422 51.1237 48.20235 NA 111.01147 74.49454 90.56199 48.20235 NA 53.31472 NA 43.82032 56.96641 78.87657 97.13504 NA 35.05625 51.1237 86.17996 81.79793 98.595715 62.078785 52.58438 49.66303 62.80912 52.58438
"166" 70.711545 72.74015 53.32346 NA 60.568495 51.58465 59.69909 60.8583 38.25379 51.00505 66.65432 78.82598 54.48266 60.8583 NA 62.0175 87.809825 104.328505 45.78862 51.58465 70.13194 74.18916 44.62942 57.09088 45.78862 33.61696 52.16425 48.68664 NA 102.5897 66.07472 94.47526 53.32346 NA 49.26624 NA 43.47021 56.22147 86.36082 88.099625 NA 37.09458 53.32346 84.91181 84.04241 96.50387 59.988895 54.19286 49.26624 68.97273 46.94783
"167" 55.613225 74.572275 48.87223 NA 60.24766 51.82141 66.988655 53.92797 34.54761 42.97385 68.25259 76.67884 53.08535 60.66897 NA 53.08535 91.00346 128.50025 41.2886 47.18698 60.66897 54.770595 38.33942 60.24766 36.232855 32.01973 50.55748 60.66897 NA 110.38382 66.988655 86.79033 46.34435 NA 47.18698 NA 43.81648 55.61322 75.83621 62.77553 NA 41.2886 55.61322 87.211645 75.4149 79.628025 59.82635 49.714855 38.76073 69.09522 54.7706
"168" 58.48265 66.41958 51.79892 NA 55.97625 45.115185 61.824515 56.81172 30.91226 45.95065 69.34371 71.85011 48.45705 59.31811 NA 62.65998 91.06584 120.30716 42.60879 55.14078 66.83731 58.90038 45.115185 60.98905 41.355585 30.91226 51.79892 48.45705 NA 121.97809 70.17918 91.9013 43.44425 NA 46.78612 NA 40.10239 54.30532 85.21757 88.97717 NA 38.43145 54.30532 83.54664 71.01464 84.79984 61.40678 49.29252 47.62158 67.67278 50.96345
"169" 62.450685 72.47363 52.42774 NA 67.076665 51.65674 67.84766 55.51172 32.38184 49.34375 63.22168 90.97754 55.51172 63.22168 NA 60.1377 87.12256 104.084475 43.17578 50.88574 66.30567 74.01563 40.862795 58.5957 37.00781 33.92383 50.88574 57.05371 NA 104.85547 67.076665 84.80957 53.96973 NA 53.96973 NA 43.17578 55.51172 75.55762 82.496585 NA 43.17578 50.88574 81.72559 80.954595 71.702635 67.84766 56.282715 49.34375 64.76367 58.5957
"170" 58.79059 70.02446 47.93118 NA 50.552415 47.182255 67.403225 54.6715 32.20376 43.43763 58.41613 75.64139 45.68441 56.16935 NA 53.17365 93.61559 134.05752 41.93978 52.79919 62.16075 44.186555 40.06747 64.40752 36.69731 29.95699 51.6758 50.552415 NA 99.60698 68.152145 83.13064 37.44623 NA 40.44193 NA 40.44193 54.6715 74.14354 64.03306 NA 35.19946 50.92688 85.751875 68.52661 61.786285 52.424725 47.93118 44.18656 73.39462 44.18656
"171" 61.87433 84.248535 55.24494 NA 60.76943 53.863815 64.08413 63.53168 38.67146 43.6435 70.16107 90.04925 49.72045 61.32188 NA 61.32188 88.3919 104.68916 44.7484 53.311365 69.60862 64.63658 47.234425 59.11208 38.67146 33.69941 51.93024 47.786875 NA 100.54579 64.63658 93.9164 53.03514 NA 55.24494 NA 45.30085 56.90229 89.4968 94.74507 NA 35.90921 53.58759 84.52476 94.46885 78.447815 59.112085 49.44422 50.27289 70.16107 53.03514
"172" 68.424025 72.700525 47.51668 NA 60.34619 52.74352 71.275025 56.06969 39.91401 45.61602 62.72202 73.17569 47.51668 60.82136 NA 51.31802 102.63604 144.925885 41.81468 51.31802 59.87102 46.091185 38.01335 64.62269 38.488515 28.51001 55.11935 48.94218 NA 92.18237 66.523355 77.92736 39.91401 NA 39.914015 NA 39.91401 55.11935 72.22536 65.097855 NA 35.16235 55.11935 83.62936 70.32469 52.74352 66.52336 51.793185 43.71535 78.8777 44.66568
"173" 58.22353 65.154905 51.0149 NA 54.619215 49.628625 65.43216 56.00549 35.48863 43.80627 67.65019 67.65019 46.02431 57.66902 NA 59.88706 92.04863 130.3098 42.69725 52.12392 65.43216 55.45098 48.24235 56.56 39.3702 29.38902 49.35137 44.91529 NA 104.80235 63.21412 97.03921 42.69725 NA 44.91529 NA 40.47922 53.23294 88.72157 69.036465 NA 32.71608 54.89647 82.06745 77.354115 78.463135 61.273335 46.57882 45.4698 71.53176 51.0149
"174" 52.320555 77.34343 46.50716 NA 61.167025 50.04575 69.50798 54.08985 36.39691 47.01267 58.63946 80.3765 46.00165 59.14497 NA 54.59536 99.838735 147.356925 42.96857 51.56229 58.63946 34.37486 46.001645 66.474905 31.847295 26.28666 54.08985 48.52921 NA 97.56393 71.277275 69.76074 30.83627 NA 38.92447 NA 38.41896 53.58434 70.77176 49.79299 NA 31.34178 54.08985 80.123745 75.574135 50.55126 60.66151 46.254405 44.48511 72.79381 39.9355
"175" 68.19476 72.025925 56.70126 NA 60.532425 52.87009 58.99996 64.36359 36.7792 41.37659 72.02592 85.81812 55.16879 61.29866 NA 67.42853 88.116825 102.67525 44.44153 56.70126 75.09086 94.24669 42.142825 56.70126 45.97399 32.1818 47.50646 49.03893 NA 113.40252 65.89606 104.20772 58.23373 NA 50.57139 NA 41.37659 55.16879 99.61032 98.077855 NA 35.24673 56.70126 84.28566 81.22072 84.285655 61.29866 63.59736 50.57139 64.36359 55.16879
"176" 64.656255 80.6104 52.06088 NA 57.93872 52.90057 75.1524 57.93872 39.46551 35.26705 63.81656 82.28978 46.18304 61.29749 NA 50.3815 89.847 136.86973 43.66396 48.70211 60.4578 49.12196 40.725045 65.0761 39.04566 30.2289 52.90057 50.801345 NA 98.24392 65.495945 80.6104 41.14489 NA 41.564735 NA 41.14489 55.41965 74.73255 65.0761 NA 36.10674 52.06088 75.57225 72.21348 73.89286 62.97687 44.50366 45.34335 75.57225 47.02273
"177" 65.67499 79.38108 51.39782 NA 56.25206 53.967715 66.24608 47.9713 35.40739 45.11587 61.1063 74.81239 49.11347 57.67978 NA 53.68217 96.51369 149.339225 41.68934 50.54119 66.81717 54.5388 42.260435 63.96173 37.69174 27.41217 54.25326 51.39782 NA 87.94738 69.101515 87.3763 46.25804 NA 42.83152 NA 38.83391 53.11108 84.52086 65.10391 NA 33.69413 50.82673 82.8076 67.6738 68.81597 59.964125 49.970105 46.82913 79.38108 49.68456
"178" 58.97743 70.93231 49.41352 NA 60.571415 51.0075 54.992465 57.38344 33.47367 41.4436 68.54133 86.07516 47.81953 55.78946 NA 62.1654 92.4511 114.76688 39.84961 55.78946 68.54133 66.94735 41.4436 55.78946 39.05262 31.87969 49.41352 51.0075 NA 111.57891 64.55637 97.23305 57.38344 NA 43.834575 NA 38.25563 52.60149 86.07516 70.13532 NA 38.25563 55.78946 78.90223 86.872155 70.135315 66.150355 52.60149 46.22555 66.94735 44.63157
"179" 61.70847 70.469555 55.61381 NA 51.423725 49.51915 60.94664 60.18481 32.75882 50.28098 67.80314 77.70697 48.75731 61.70847 NA 59.42297 84.56346 112.370365 44.18631 53.32831 62.47031 58.66114 45.70998 58.280225 39.996235 28.18782 49.51915 51.804645 NA 108.18029 67.803135 92.18179 46.47181 NA 45.329065 NA 44.18631 55.61381 76.94513 80.7543 NA 29.71149 52.56648 80.7543 68.18405 74.278715 61.70847 38.09165 51.04281 69.3268 47.99548
"180" 67.774155 78.24834 51.13868 NA 59.148355 45.285455 62.228995 52.37094 40.04836 46.20965 68.39028 86.25801 49.90642 60.99674 NA 57.9161 84.40963 115.83219 40.66449 50.830615 63.46125 70.546735 38.81611 56.68384 42.51288 32.03869 54.21932 52.06287 NA 91.18704 60.688675 94.26769 48.05804 NA 48.3661 NA 43.12901 54.21932 74.55157 67.46609 NA 39.432235 51.75481 79.4806 76.091895 92.11124 52.98707 46.82578 49.29029 70.8548 49.90642
"181" 57.622285 68.448295 53.08235 NA 53.08235 49.939315 63.908355 54.47925 32.12879 47.49473 64.25758 69.8452 44.00247 57.27306 NA 51.68544 83.81423 113.84767 43.30402 54.130025 64.95603 72.639005 40.85944 58.66996 38.065635 27.93808 48.19319 44.70093 NA 111.05386 64.606805 97.08482 44.70093 NA 42.60557 NA 40.51021 53.08235 83.11578 80.32198 NA 30.38266 50.28854 88.7034 70.194425 91.147985 60.416095 44.3517 44.00247 61.46377 44.70093
"182" 57.95128 65.78253 53.25253 NA 52.730445 52.20836 67.87087 56.38503 35.50168 43.85502 67.87087 78.31254 54.29669 63.6942 NA 59.51753 79.35671 99.717965 41.76669 53.25253 67.87087 72.04754 44.377105 58.47336 47.509605 31.32502 49.07586 46.46544 NA 121.12339 64.216285 96.06338 40.72252 NA 50.12002 NA 46.98752 56.38503 81.44504 84.57754 NA 33.41335 51.16419 82.48921 71.00337 73.613785 61.08378 42.81085 50.12002 68.91503 45.94336
"183" 64.845835 69.83397 52.95104 NA 62.927315 51.41622 54.102145 60.6251 37.60291 42.20735 69.06657 86.71691 52.95104 62.92732 NA 59.09029 81.34507 89.019135 43.74216 57.939175 68.29916 71.368785 52.18363 56.02066 44.50957 31.46366 54.48585 42.20735 NA 111.27392 70.98508 89.01913 47.57919 NA 49.114 NA 43.74216 55.25325 78.27544 77.89174 NA 36.0681 58.32288 87.48432 80.961365 74.822115 68.299165 47.962895 49.88141 65.22954 46.81179
"184" 55.68888 70.71604 58.34074 NA 53.92098 48.61728 62.318515 55.68888 27.40247 40.66172 61.87654 69.83209 53.03703 57.45678 NA 60.10864 88.39505 121.10122 42.42963 51.711105 67.18024 55.68888 46.407405 58.34074 40.66172 27.40247 52.15308 49.50123 NA 105.19011 64.52839 83.09135 47.73333 NA 48.175305 NA 42.42963 53.92098 77.78765 72.925915 NA 33.59012 52.15308 78.6716 68.94814 74.251845 61.434565 51.711105 52.15308 65.41234 49.50123
"185" 57.89878 74.165575 49.62752 NA 54.59027 55.69311 62.31011 52.38461 30.32793 39.70202 64.51578 70.02995 41.90768 57.34736 NA 46.31902 90.156665 140.61131 40.25343 44.38906 60.65586 44.38906 40.52914 66.17003 35.29068 27.57085 52.93602 46.31902 NA 92.63804 63.137235 83.26395 41.90768 NA 40.80485 NA 39.70202 52.93602 66.17003 59.553025 NA 34.73927 50.73036 79.404035 66.44574 60.931565 54.59027 40.25343 41.90768 75.54412 41.90768
"186" 60.393945 70.31266 47.60982 NA 50.916065 45.18525 64.36143 48.93232 36.1482 43.64234 61.27561 70.53307 48.05066 56.42646 NA 51.57731 93.235905 152.08694 43.64234 51.57731 60.83478 42.981095 35.927785 61.27561 36.58903 29.09489 52.89981 51.356895 NA 101.83213 67.888085 81.11303 38.35236 NA 40.99735 NA 40.99735 53.78147 78.90888 60.61436 NA 35.70737 48.49149 79.129295 65.463505 61.496025 55.98563 48.271075 52.45897 69.65141 41.43818
"187" 61.040935 77.64407 47.85609 NA 56.15766 41.99616 59.57595 54.69268 29.29965 41.99616 61.52926 73.24912 44.92613 53.71602 NA 52.73937 98.153825 138.685005 41.99616 52.73937 59.57595 37.112885 38.08954 64.45923 33.694595 28.32299 55.66933 58.599295 NA 90.82891 69.3425 65.43588 33.20627 NA 42.48449 NA 39.0662 52.73937 68.36585 55.669335 NA 36.62456 55.66933 90.82891 67.87752 48.832745 60.06428 51.274385 44.92613 72.27247 48.83275
"188" 58.346365 79.40629 49.02475 NA 55.584405 48.67951 69.394195 54.54867 37.97692 40.73888 66.97748 66.28699 46.95329 55.92965 NA 53.16769 93.561325 141.55035 42.11986 55.23916 64.90601 49.02475 43.846085 64.21552 37.28643 26.92909 55.23916 49.715245 NA 92.52559 64.21552 73.19189 40.04839 NA 41.42937 NA 38.66741 52.4772 64.90601 63.52503 NA 32.107765 53.85818 88.38266 72.156155 62.4893 60.417835 46.608045 50.40573 71.81091 56.62014
"189" 62.384265 77.02547 42.86266 NA 53.04784 46.6821 74.05479 49.65278 27.58488 39.4676 62.38426 75.96451 43.71142 59.83797 NA 46.6821 89.96914 149.80711 39.89198 44.77238 52.62346 50.289355 37.13349 64.08179 32.88966 25.46296 55.16976 43.074845 NA 89.96914 62.596455 79.78396 42.01389 NA 39.043215 NA 39.4676 52.19908 65.77933 53.26003 NA 29.91898 47.53087 78.51081 61.5355 60.68673 55.16976 38.61883 42.43827 77.23766 40.74074
"190" 69.95061 85.313595 52.95327 NA 56.87573 48.37706 75.834305 52.29952 39.22464 43.1471 61.45194 80.41051 53.60701 62.10568 NA 47.06957 86.62108 137.286245 41.18587 45.10834 62.10568 56.22199 46.088955 63.41317 38.244025 30.72597 54.26075 54.260755 NA 88.25544 57.52947 84.33298 50.99203 NA 44.45459 NA 41.83962 54.9145 70.60435 61.451935 NA 35.30218 49.68455 77.14179 66.68189 55.56824 58.183215 43.473975 46.41583 70.60435 47.06957
"191" 56.899005 76.28681 45.5192 NA 53.105735 49.73394 66.59291 51.41984 36.24677 44.67625 65.74996 71.6506 46.36215 57.32048 NA 52.26279 93.56725 138.664975 39.61856 47.626575 59.84932 44.676255 42.14741 64.06406 40.882985 29.50319 55.63458 50.576895 NA 94.4102 65.328485 78.39418 36.24677 NA 39.19709 NA 39.61856 53.10574 73.33649 49.31247 NA 36.24677 53.10574 86.82366 70.80765 53.94868 53.94868 48.46952 53.10574 69.12175 47.2051
"192" 61.130565 89.05441 49.30696 NA 52.57732 49.81009 70.69008 53.83515 38.23805 38.23805 63.8978 72.95418 46.28817 61.38213 NA 48.80383 96.09826 163.266415 41.75998 48.04913 55.34455 38.99275 36.72865 68.92912 33.70986 28.17541 54.33828 50.816355 NA 100.62645 65.15563 66.91659 34.21299 NA 38.741185 NA 39.74745 54.33828 69.93538 54.338285 NA 33.70986 50.81636 83.51995 61.885265 47.04287 58.36334 41.005275 49.30696 78.48863 38.23805
"193" 62.467715 72.210385 48.14026 NA 47.85371 40.97653 66.4794 51.00575 32.0935 38.39759 56.73673 63.61391 45.27477 55.01744 NA 51.57885 86.53784 142.414925 39.54378 48.9999 58.45603 44.12857 36.39174 60.74842 37.53794 29.22801 52.15194 47.28061 NA 99.7191 62.467715 84.81855 38.39759 NA 41.836175 NA 40.11688 52.15194 75.64897 65.619755 NA 38.11104 46.42096 79.37411 65.04666 53.29814 53.01159 41.54963 46.99406 71.06419 45.84786
"194" 62.499125 76.864595 50.74556 NA 57.46188 54.10372 66.230415 50.74556 37.31291 45.14862 64.55133 68.65575 43.28298 55.96937 NA 56.34249 102.423935 163.80368 42.16359 52.42464 59.70066 41.603895 37.68604 69.02888 37.126345 26.11904 55.96937 49.439605 NA 95.52105 66.79011 67.53637 36.19352 NA 38.991995 NA 38.80543 54.84998 66.41698 49.439605 NA 33.58162 50.37243 80.59589 66.230415 57.64845 63.05882 51.67838 48.13365 73.1333 41.79046
"195" 60.468235 75.997045 46.58642 NA 58.115385 54.58611 79.05575 56.46839 33.41047 42.82186 65.87979 71.9972 46.11585 56.46839 NA 51.76269 102.58425 162.8172 43.763 51.29212 57.40953 32.46933 36.70445 72.232485 36.469165 25.41078 56.93896 47.99813 NA 94.11399 77.408755 64.93865 31.52819 NA 36.939735 NA 38.11616 55.05668 61.17409 57.174245 NA 31.52819 51.76269 88.702435 72.46777 46.821705 61.17409 44.23357 46.58642 79.05575 43.763
"196" 51.43157 79.565075 48.35447 NA 60.662875 47.475295 61.981635 50.11281 33.40854 44.83778 61.54205 72.97129 43.95861 55.38784 NA 50.11281 96.70893 147.261325 42.20026 55.38784 63.30039 50.99198 43.958605 62.42122 33.848125 29.01268 52.75033 58.02536 NA 99.34645 75.169215 79.12549 37.8044 NA 36.92523 NA 37.8044 52.75033 74.72963 68.13584 NA 38.68357 49.23364 80.88383 74.290045 53.6295 63.30039 50.99198 52.75033 69.4546 47.47529
"197" 63.727515 67.73134 50.04779 NA 56.05352 46.71127 68.06499 55.38622 28.02676 38.70362 63.39386 77.40724 48.04588 57.38813 NA 56.72083 89.08506 132.45981 41.37284 54.05161 64.72847 52.38335 39.37093 57.38813 39.37093 28.69406 51.3824 48.045875 NA 101.43018 68.06499 83.41298 42.04014 NA 40.37188 NA 41.37284 53.38431 82.07837 71.067855 NA 37.03536 50.04779 78.074545 66.73038 68.732295 54.718915 38.703625 50.71509 68.7323 46.71127
"198" 60.60877 80.159985 43.01268 NA 46.92292 46.364315 69.26717 53.06759 32.95776 46.92292 63.1225 73.17741 44.68849 55.30201 NA 49.15734 91.890715 154.73391 40.21964 48.59874 63.1225 44.409195 37.14731 61.44668 35.19219 29.60613 54.1848 49.15734 NA 90.4942 62.00529 83.79093 37.42661 NA 39.102435 NA 39.10243 53.06759 77.08765 59.77086 NA 37.426615 50.83316 81.5565 65.636225 60.32947 58.09504 37.705915 49.71595 73.17741 45.2471
"199" 62.31985 76.92607 46.09073 NA 58.10028 50.959465 66.21485 50.63488 35.05492 46.73989 60.37236 70.10984 44.7924 57.12653 NA 51.93321 102.56809 163.265035 46.09073 50.959465 58.42486 47.064475 37.97616 68.81151 33.432005 26.61577 55.17904 54.20529 NA 92.83062 64.916515 73.35566 37.00241 NA 38.949905 NA 37.00241 53.23154 68.81151 60.37236 NA 33.432005 51.28405 89.909375 70.109835 55.17904 57.12653 46.739895 46.09073 76.60149 48.03822
"200" 64.86475 72.775085 51.41718 NA 52.20821 56.558895 68.4244 54.58131 33.22341 54.58131 66.44682 81.47645 50.62615 64.07371 NA 55.37235 88.59575 125.77433 41.13374 49.83511 62.49165 50.62615 36.78306 60.90958 37.178575 30.85031 52.20821 47.857525 NA 107.58056 63.28268 81.47645 45.87994 NA 49.439595 NA 42.71581 56.16338 78.31232 68.4244 NA 35.992025 52.99925 80.289905 72.379565 58.53648 56.16338 44.69339 43.50684 71.19302 47.46201
"201" 60.054375 80.37353 47.86289 NA 53.732865 53.73286 68.63357 50.57211 35.21986 37.92908 61.40899 71.34279 51.47518 56.89362 NA 57.79669 92.565015 133.20332 41.54137 52.37825 64.11821 52.378255 45.15367 63.21513 37.92908 27.99527 55.99055 56.442085 NA 96.62885 70.891255 81.2766 41.54137 NA 42.44445 NA 39.73523 54.1844 74.05201 73.600475 NA 34.31679 52.37825 81.728135 70.891255 66.37589 59.60284 46.95981 49.66903 70.43972 50.57211
"202" 70.66444 73.53698 51.70569 NA 63.19584 49.982165 66.068375 57.45076 36.76849 41.36455 58.59978 70.08993 50.55667 58.59978 NA 56.30175 87.32516 103.98588 42.51356 48.25864 66.64288 63.195835 39.641025 58.59978 39.06652 32.17243 50.55667 56.876255 NA 93.07023 62.046825 89.62319 49.40766 NA 46.535115 NA 43.66258 54.00372 74.68599 72.387965 NA 37.9175 54.00372 78.13304 70.08993 83.87811 63.770345 63.19584 52.8547 72.38796 51.70569
"203" 63.24044 71.65173 45.48327 NA 52.336915 48.910095 69.782555 47.97551 28.03763 41.74492 59.81362 72.27479 45.48327 54.20609 NA 45.48327 100.62395 162.30674 40.4988 46.72939 62.30585 47.04092 37.69504 65.42114 32.399045 29.28375 52.95997 57.32138 NA 104.05077 56.69832 69.78255 41.74492 NA 41.43339 NA 38.00657 51.0908 83.48984 61.371265 NA 35.825865 48.59856 79.75149 69.782555 64.79809 54.82915 45.17174 50.46774 72.89785 49.22162
"204" 55.33312 78.150905 51.34001 NA 60.46712 43.924225 58.18534 59.32623 36.50845 44.49467 66.17157 79.86224 50.19912 59.32623 NA 62.7489 84.42579 100.39824 43.35378 59.32623 75.29868 71.87601 47.346895 55.90356 40.501565 29.66312 50.19912 47.346895 NA 110.66624 66.742015 91.27113 54.76268 NA 46.77645 NA 41.07201 54.76268 85.56668 98.11646 NA 34.22667 53.62179 84.996235 81.573565 96.405125 62.7489 56.474005 51.34001 62.7489 58.18534
"205" 59.576055 81.05586 49.44407 NA 51.87575 47.0124 62.413015 56.7391 34.85402 45.39128 64.03413 84.29809 51.06519 60.79189 NA 57.54966 85.91921 105.777895 40.52793 52.68631 64.03413 56.7391 43.770165 55.92854 37.690975 29.18011 52.68631 50.254635 NA 101.31982 68.08692 85.10865 51.06519 NA 42.95961 NA 41.33849 54.30743 80.2453 73.76083 NA 32.01706 50.25463 80.65058 70.5186 105.777895 55.92854 49.444075 51.06519 68.08692 49.44407
"206" 66.015915 73.50225 57.849 NA 63.29361 50.362655 62.61303 54.44611 40.83459 44.23747 66.01591 86.43321 51.72381 60.5713 NA 65.33534 79.62744 107.871365 43.55689 53.08496 70.77995 71.120235 47.64035 58.52957 45.25833 29.26479 54.44611 54.44611 NA 115.01742 70.43966 89.15551 56.48784 NA 49.34179 NA 44.23747 57.16842 85.75263 93.57926 NA 31.30652 52.40438 81.66917 76.22456 76.22456 66.015915 54.7864 46.2792 66.69649 56.48784
"207" 69.62935 77.51192 49.92293 NA 60.43302 52.550455 62.1847 53.42629 35.03364 50.79877 70.06727 66.56391 54.30214 60.43302 NA 51.67461 87.14617 124.36941 40.28868 53.42629 61.30886 52.55045 40.7266 62.1847 37.66116 30.65443 50.79877 47.29541 NA 108.60427 65.68807 78.82568 39.41284 NA 48.60917 NA 42.9162 54.30214 71.81895 62.622625 NA 34.15779 54.30214 86.27033 69.62935 60.87094 60.87094 47.73333 53.42629 70.94311 52.55045
"208" 58.47965 71.91038 47.00756 NA 50.645055 48.686405 75.54787 52.04409 39.17297 40.2922 63.79598 68.27289 46.44795 58.75945 NA 51.48447 91.496865 141.302495 41.41142 49.24602 60.99791 55.40177 41.971035 60.99791 38.61336 30.77876 53.72293 50.92486 NA 100.17088 65.75463 82.82285 45.88834 NA 42.250845 NA 39.73258 53.16332 73.30941 67.993085 NA 40.2922 57.08061 76.667095 69.392115 61.55752 53.16332 51.484475 44.20949 72.19019 43.09027
