"PC1" "PC2" "PC3" "PC4" "PC5"
"Kern" 0.0266735683505166 0.681741290270854 0.135291389507482 0.74995930335519 0.401394178013292
"GShoot" 0.306807997719294 0.996872285563749 0.121546925138974 0.456287162499907 0.864566118691105
"GRoot" 0.295157839560797 0.00903275948346766 0.838277319987678 0.142453165392499 0.756426021779622
"L3Base" 0.770765669966451 0.0319441829003143 0.13139655452295 0.47006224926182 0.931861711052924
"L3Tip" 0.999999999999987 0.709350881796908 0.061624796255293 0.870603602710933 0.83293626752719
"LMAD8" 0.415383595122528 0.262335646408067 0.0874472880190861 0.0396059560374423 0.64812096020959
"LMAN8" 0.755916305698019 0.999999999999991 0.335874911562968 0.76828525615289 0.908051410146556
"LMAD26" 0.0966229680277459 0.146651541079621 0.948675239333794 0.558235907632791 0.00102931566135534
"LMAN26" 0.630544996152072 0.298730065192475 0.0966033348390739 0.334509853990029 0.533120211529078
